100  24.8697 
200  24.8697 
300  24.8697 
400  24.8697 
500  24.8697 
600  24.8697 
700  24.8697 
800  24.8697 
900  24.8697 
920.715  24.8719 
941.42  24.8741 
962.126  24.8763 
982.831  24.8784 
1003.54  24.8806 
1024.24  24.8828 
1044.95  24.885 
1065.65  24.8871 
1086.36  24.8893 
1107.06  24.8914 
1127.77  24.8936 
1148.47  24.8958 
1169.18  24.8979 
1189.88  24.9 
1210.59  24.9022 
1231.29  24.9043 
1252  24.9065 
1272.7  24.9086 
1293.41  24.9107 
1314.11  24.9128 
1334.82  24.9149 
1355.52  24.917 
1376.23  24.9191 
1396.93  24.9212 
1417.64  24.9232 
1438.34  24.9253 
1459.05  24.9274 
1479.75  24.9294 
1500.46  24.9314 
1521.17  24.9335 
1541.87  24.9355 
1562.58  24.9375 
1583.28  24.9395 
1603.99  24.9415 
1624.69  24.9434 
1645.4  24.9454 
1666.1  24.9473 
1686.81  24.9493 
1707.51  24.9512 
1728.22  24.9531 
1748.92  24.955 
1769.63  24.9569 
1790.33  24.9587 
1811.04  24.9606 
1831.74  24.9624 
1852.45  24.9642 
1873.15  24.966 
1893.86  24.9678 
1914.56  24.9696 
1935.27  24.9714 
1955.97  24.9731 
1976.68  24.9749 
1997.38  24.9766 
2018.09  24.9783 
2038.79  24.9801 
2059.5  24.9818 
2080.2  24.9835 
2100.91  24.9852 
2121.62  24.9869 
2142.32  24.9886 
2163.03  24.9903 
2183.73  24.9919 
2204.44  24.9936 
2225.14  24.9953 
2245.85  24.997 
2266.55  24.9986 
2287.26  25.0003 
2307.96  25.002 
2328.67  25.0037 
2349.37  25.0053 
2370.08  25.007 
2390.78  25.0087 
2411.49  25.0104 
2432.19  25.0121 
2452.9  25.0137 
2473.6  25.0154 
2494.31  25.0171 
2515.01  25.0189 
2535.72  25.0206 
2556.42  25.0223 
2577.13  25.024 
2597.83  25.0258 
2618.54  25.0275 
2639.24  25.0293 
2659.95  25.031 
2680.65  25.0328 
2701.36  25.0346 
2722.07  25.0364 
2742.77  25.0383 
2763.48  25.0401 
2784.18  25.0419 
2804.89  25.0438 
2825.59  25.0456 
2846.3  25.0475 
2867  25.0494 
2887.71  25.0513 
2908.41  25.0532 
2929.12  25.0551 
2949.82  25.057 
2970.53  25.0589 
2991.23  25.0608 
3011.94  25.0627 
3032.64  25.0646 
3053.35  25.0665 
3074.05  25.0684 
3094.76  25.0703 
3115.46  25.0722 
3136.17  25.0742 
3156.87  25.0761 
3177.58  25.078 
3198.28  25.0799 
3218.99  25.0818 
3239.69  25.0837 
3260.4  25.0856 
3281.1  25.0874 
3301.81  25.0893 
3322.52  25.0912 
3343.22  25.093 
3363.93  25.0949 
3384.63  25.0967 
3405.34  25.0985 
3426.04  25.1003 
3446.75  25.1021 
3467.45  25.1039 
3488.16  25.1057 
3508.86  25.1075 
3529.57  25.1092 
3550.27  25.1109 
3570.98  25.1126 
3591.68  25.1143 
3612.39  25.116 
3633.09  25.1177 
3653.8  25.1193 
3674.5  25.1209 
3695.21  25.1225 
3715.91  25.1242 
3736.62  25.1258 
3757.32  25.1273 
3778.03  25.1289 
3798.73  25.1305 
3819.44  25.1321 
3840.14  25.1337 
3860.85  25.1353 
3881.56  25.1369 
3902.26  25.1385 
3922.97  25.1401 
3943.67  25.1417 
3964.38  25.1434 
3985.08  25.145 
4005.79  25.1467 
4026.49  25.1484 
4047.2  25.1501 
4067.9  25.1519 
4088.61  25.1536 
4109.31  25.1554 
4130.02  25.1573 
4150.72  25.1591 
4171.43  25.161 
4192.13  25.1629 
4212.84  25.1649 
4233.54  25.1669 
4254.25  25.1689 
4274.95  25.171 
4295.66  25.1731 
4316.36  25.1753 
4337.07  25.1775 
4357.77  25.1798 
4378.48  25.1821 
4399.18  25.1845 
4419.89  25.187 
4440.59  25.1895 
4461.3  25.192 
4482.01  25.1946 
4502.71  25.1973 
4523.42  25.2001 
4544.12  25.2029 
4564.83  25.2058 
4585.53  25.2087 
4606.24  25.2117 
4626.94  25.2147 
4647.65  25.2178 
4668.35  25.2209 
4689.06  25.2241 
4709.76  25.2273 
4730.47  25.2306 
4751.17  25.2339 
4771.88  25.2372 
4792.58  25.2405 
4813.29  25.2439 
4833.99  25.2473 
4854.7  25.2507 
4875.4  25.2541 
4896.11  25.2576 
4916.81  25.261 
4937.52  25.2645 
4958.22  25.268 
4978.93  25.2715 
4999.63  25.2749 
5020.34  25.2784 
5041.04  25.2819 
5061.75  25.2854 
5082.46  25.2888 
5103.16  25.2922 
5123.87  25.2957 
5144.57  25.2991 
5165.28  25.3024 
5185.98  25.3058 
5206.69  25.3091 
5227.39  25.3124 
5248.1  25.3157 
5268.8  25.3189 
5289.51  25.3221 
5310.21  25.3252 
5330.92  25.3283 
5351.62  25.3313 
5372.33  25.3343 
5393.03  25.3373 
5413.74  25.3402 
5434.44  25.343 
5455.15  25.3458 
5475.85  25.3485 
5496.56  25.3512 
5517.26  25.3538 
5537.97  25.3564 
5558.67  25.3589 
5579.38  25.3614 
5600.08  25.3638 
5620.79  25.3662 
5641.49  25.3686 
5662.2  25.3709 
5682.91  25.3732 
5703.61  25.3754 
5724.32  25.3777 
5745.02  25.3798 
5765.73  25.382 
5786.43  25.3841 
5807.14  25.3863 
5827.84  25.3883 
5848.55  25.3904 
5869.25  25.3925 
5889.96  25.3945 
5910.66  25.3965 
5931.37  25.3985 
5952.07  25.4005 
5972.78  25.4025 
5993.48  25.4044 
6014.19  25.4064 
6034.89  25.4083 
6055.6  25.4103 
6076.3  25.4122 
6097.01  25.4142 
6117.71  25.4161 
6138.42  25.4181 
6159.12  25.4201 
6179.83  25.422 
6200.53  25.424 
6221.24  25.426 
6241.94  25.428 
6262.65  25.43 
6283.36  25.432 
6304.06  25.434 
6324.77  25.4361 
6345.47  25.4382 
6366.18  25.4403 
6386.88  25.4424 
6407.59  25.4445 
6428.29  25.4467 
6449  25.4488 
6469.7  25.451 
6490.41  25.4532 
6511.11  25.4554 
6531.82  25.4577 
6552.52  25.4599 
6573.23  25.4622 
6593.93  25.4645 
6614.64  25.4667 
6635.34  25.4691 
6656.05  25.4714 
6676.75  25.4737 
6697.46  25.4761 
6718.16  25.4784 
6738.87  25.4808 
6759.57  25.4832 
6780.28  25.4856 
6800.98  25.488 
6821.69  25.4904 
6842.39  25.4929 
6863.1  25.4953 
6883.81  25.4978 
6904.51  25.5003 
6925.22  25.5028 
6945.92  25.5053 
6966.63  25.5078 
6987.33  25.5103 
7008.04  25.5128 
7028.74  25.5154 
7049.45  25.5179 
7070.15  25.5205 
7090.86  25.5231 
7111.56  25.5256 
7132.27  25.5282 
7152.97  25.5308 
7173.68  25.5334 
7194.38  25.536 
7215.09  25.5386 
7235.79  25.5413 
7256.5  25.5439 
7277.2  25.5465 
7297.91  25.5492 
7318.61  25.5519 
7339.32  25.5545 
7360.02  25.5572 
7380.73  25.5599 
7401.43  25.5626 
7422.14  25.5653 
7442.84  25.568 
7463.55  25.5708 
7484.26  25.5735 
7504.96  25.5763 
7525.67  25.5791 
7546.37  25.5819 
7567.08  25.5847 
7587.78  25.5875 
7608.49  25.5903 
7629.19  25.5932 
7649.9  25.596 
7670.6  25.5989 
7691.31  25.6018 
7712.01  25.6047 
7732.72  25.6076 
7753.42  25.6106 
7774.13  25.6135 
7794.83  25.6165 
7815.54  25.6195 
7836.24  25.6226 
7856.95  25.6256 
7877.65  25.6286 
7898.36  25.6317 
7919.06  25.6348 
7939.77  25.6379 
7960.47  25.6411 
7981.18  25.6442 
8001.88  25.6474 
8022.59  25.6506 
8043.29  25.6539 
8064  25.6571 
8084.71  25.6604 
8105.41  25.6637 
8126.12  25.667 
8146.82  25.6704 
8167.53  25.6737 
8188.23  25.6771 
8208.94  25.6805 
8229.64  25.6839 
8250.35  25.6874 
8271.05  25.6908 
8291.76  25.6943 
8312.46  25.6978 
8333.17  25.7013 
8353.87  25.7048 
8374.58  25.7083 
8395.28  25.7118 
8415.99  25.7153 
8436.69  25.7188 
8457.4  25.7224 
8478.1  25.7259 
8498.81  25.7295 
8519.51  25.733 
8540.22  25.7365 
8560.92  25.7401 
8581.63  25.7436 
8602.33  25.7471 
8623.04  25.7506 
8643.74  25.7541 
8664.45  25.7576 
8685.16  25.7611 
8705.86  25.7646 
8726.57  25.7681 
8747.27  25.7715 
8767.98  25.7749 
8788.68  25.7784 
8809.39  25.7818 
8830.09  25.7851 
8850.8  25.7885 
8871.5  25.7918 
8892.21  25.7952 
8912.91  25.7985 
8933.62  25.8017 
8954.32  25.805 
8975.03  25.8082 
8995.73  25.8114 
9016.44  25.8145 
9037.14  25.8176 
9057.85  25.8207 
9078.55  25.8238 
9099.26  25.8268 
9119.96  25.8298 
9140.67  25.8328 
9161.37  25.8358 
9182.08  25.8387 
9202.78  25.8416 
9223.49  25.8444 
9244.2  25.8473 
9264.9  25.8501 
9285.61  25.8529 
9306.31  25.8556 
9327.02  25.8584 
9347.72  25.8611 
9368.43  25.8637 
9389.13  25.8664 
9409.84  25.869 
9430.54  25.8716 
9451.25  25.8742 
9471.95  25.8767 
9492.66  25.8792 
9513.36  25.8817 
9534.07  25.8842 
9554.77  25.8867 
9575.48  25.8891 
9596.18  25.8915 
9616.89  25.8939 
9637.59  25.8962 
9658.3  25.8986 
9679  25.9009 
9699.71  25.9032 
9720.41  25.9054 
9741.12  25.9077 
9761.82  25.9099 
9782.53  25.9121 
9803.23  25.9143 
9823.94  25.9164 
9844.65  25.9186 
9865.35  25.9207 
9886.06  25.9228 
9906.76  25.9249 
9927.47  25.927 
9948.17  25.929 
9968.88  25.931 
9989.58  25.9331 
10010.3  25.9351 
10031  25.9371 
10051.7  25.939 
10072.4  25.941 
10093.1  25.943 
10113.8  25.945 
10134.5  25.9469 
10155.2  25.9489 
10175.9  25.9508 
10196.6  25.9528 
10217.3  25.9548 
10238  25.9567 
10258.7  25.9587 
10279.5  25.9607 
10300.2  25.9627 
10320.9  25.9647 
10341.6  25.9667 
10362.3  25.9687 
10383  25.9708 
10403.7  25.9728 
10424.4  25.9749 
10445.1  25.977 
10465.8  25.9791 
10486.5  25.9812 
10507.2  25.9834 
10527.9  25.9856 
10548.6  25.9878 
10569.3  25.9901 
10590  25.9923 
10610.7  25.9946 
10631.4  25.997 
10652.1  25.9994 
10672.9  26.0018 
10693.6  26.0042 
10714.3  26.0067 
10735  26.0093 
10755.7  26.0118 
10776.4  26.0145 
10797.1  26.0171 
10817.8  26.0198 
10838.5  26.0226 
10859.2  26.0254 
10879.9  26.0283 
10900.6  26.0311 
10921.3  26.0341 
10942  26.037 
10962.7  26.04 
10983.4  26.043 
11004.1  26.0461 
11024.8  26.0491 
11045.5  26.0522 
11066.3  26.0553 
11087  26.0585 
11107.7  26.0616 
11128.4  26.0648 
11149.1  26.068 
11169.8  26.0711 
11190.5  26.0743 
11211.2  26.0775 
11231.9  26.0807 
11252.6  26.0839 
11273.3  26.0871 
11294  26.0903 
11314.7  26.0935 
11335.4  26.0967 
11356.1  26.0999 
11376.8  26.103 
11397.5  26.1062 
11418.2  26.1093 
11438.9  26.1124 
11459.6  26.1155 
11480.4  26.1185 
11501.1  26.1215 
11521.8  26.1245 
11542.5  26.1275 
11563.2  26.1304 
11583.9  26.1333 
11604.6  26.1362 
11625.3  26.139 
11646  26.1418 
11666.7  26.1445 
11687.4  26.1472 
11708.1  26.1498 
11728.8  26.1524 
11749.5  26.155 
11770.2  26.1575 
11790.9  26.1599 
11811.6  26.1623 
11832.3  26.1647 
11853  26.167 
11873.8  26.1693 
11894.5  26.1715 
11915.2  26.1738 
11935.9  26.1759 
11956.6  26.1781 
11977.3  26.1802 
11998  26.1823 
12018.7  26.1844 
12039.4  26.1865 
12060.1  26.1886 
12080.8  26.1906 
12101.5  26.1926 
12122.2  26.1946 
12142.9  26.1966 
12163.6  26.1986 
12184.3  26.2005 
12205  26.2025 
12225.7  26.2045 
12246.4  26.2064 
12267.2  26.2084 
12287.9  26.2104 
12308.6  26.2123 
12329.3  26.2143 
12350  26.2163 
12370.7  26.2183 
12391.4  26.2203 
12412.1  26.2223 
12432.8  26.2244 
12453.5  26.2264 
12474.2  26.2285 
12494.9  26.2306 
12515.6  26.2327 
12536.3  26.2348 
12557  26.237 
12577.7  26.2392 
12598.4  26.2414 
12619.1  26.2437 
12639.8  26.246 
12660.5  26.2483 
12681.3  26.2507 
12702  26.2531 
12722.7  26.2555 
12743.4  26.258 
12764.1  26.2605 
12784.8  26.263 
12805.5  26.2655 
12826.2  26.2681 
12846.9  26.2706 
12867.6  26.2733 
12888.3  26.2759 
12909  26.2786 
12929.7  26.2812 
12950.4  26.2839 
12971.1  26.2867 
12991.8  26.2894 
13012.5  26.2922 
13033.2  26.295 
13053.9  26.2978 
13074.7  26.3006 
13095.4  26.3034 
13116.1  26.3063 
13136.8  26.3091 
13157.5  26.312 
13178.2  26.3149 
13198.9  26.3178 
13219.6  26.3207 
13240.3  26.3237 
13261  26.3266 
13281.7  26.3296 
13302.4  26.3325 
13323.1  26.3355 
13343.8  26.3385 
13364.5  26.3415 
13385.2  26.3445 
13405.9  26.3475 
13426.6  26.3505 
13447.3  26.3535 
13468.1  26.3565 
13488.8  26.3595 
13509.5  26.3625 
13530.2  26.3656 
13550.9  26.3686 
13571.6  26.3716 
13592.3  26.3746 
13613  26.3777 
13633.7  26.3808 
13654.4  26.3838 
13675.1  26.3869 
13695.8  26.39 
13716.5  26.3931 
13737.2  26.3962 
13757.9  26.3994 
13778.6  26.4026 
13799.3  26.4058 
13820  26.409 
13840.7  26.4122 
13861.4  26.4155 
13882.2  26.4188 
13902.9  26.4221 
13923.6  26.4255 
13944.3  26.4289 
13965  26.4323 
13985.7  26.4358 
14006.4  26.4393 
14027.1  26.4429 
14047.8  26.4465 
14068.5  26.4501 
14089.2  26.4538 
14109.9  26.4575 
14130.6  26.4613 
14151.3  26.4651 
14172  26.469 
14192.7  26.4729 
14213.4  26.4769 
14234.1  26.4809 
14254.8  26.485 
14275.6  26.4891 
14296.3  26.4934 
14317  26.4976 
14337.7  26.502 
14358.4  26.5064 
14379.1  26.5108 
14399.8  26.5154 
14420.5  26.52 
14441.2  26.5247 
14461.9  26.5294 
14482.6  26.5342 
14503.3  26.5391 
14524  26.544 
14544.7  26.5489 
14565.4  26.554 
14586.1  26.559 
14606.8  26.5642 
14627.5  26.5693 
14648.2  26.5745 
14669  26.5798 
14689.7  26.585 
14710.4  26.5903 
14731.1  26.5957 
14751.8  26.601 
14772.5  26.6064 
14793.2  26.6118 
14813.9  26.6173 
14834.6  26.6227 
14855.3  26.6282 
14876  26.6337 
14896.7  26.6392 
14917.4  26.6446 
14938.1  26.6501 
14958.8  26.6556 
14979.5  26.6611 
15000.2  26.6666 
15020.9  26.6721 
15041.6  26.6776 
15062.3  26.683 
15083.1  26.6885 
15103.8  26.6939 
15124.5  26.6993 
15145.2  26.7047 
15165.9  26.7101 
15186.6  26.7154 
15207.3  26.7207 
15228  26.726 
15248.7  26.7312 
15269.4  26.7364 
15290.1  26.7416 
15310.8  26.7467 
15331.5  26.7518 
15352.2  26.7568 
15372.9  26.7618 
15393.6  26.7667 
15414.3  26.7716 
15435  26.7764 
15455.7  26.7811 
15476.5  26.7859 
15497.2  26.7905 
15517.9  26.7951 
15538.6  26.7997 
15559.3  26.8042 
15580  26.8086 
15600.7  26.813 
15621.4  26.8173 
15642.1  26.8215 
15662.8  26.8257 
15683.5  26.8298 
15704.2  26.8338 
15724.9  26.8378 
15745.6  26.8417 
15766.3  26.8456 
15787  26.8493 
15807.7  26.853 
15828.4  26.8567 
15849.1  26.8602 
15869.9  26.8637 
15890.6  26.8671 
15911.3  26.8704 
15932  26.8736 
15952.7  26.8768 
15973.4  26.8798 
15994.1  26.8828 
16014.8  26.8857 
16035.5  26.8886 
16056.2  26.8913 
16076.9  26.8939 
16097.6  26.8965 
16118.3  26.899 
16139  26.9013 
16159.7  26.9036 
16180.4  26.9058 
16201.1  26.9079 
16221.8  26.9099 
16242.5  26.9118 
16263.2  26.9136 
16284  26.9154 
16304.7  26.917 
16325.4  26.9186 
16346.1  26.9201 
16366.8  26.9215 
16387.5  26.9229 
16408.2  26.9242 
16428.9  26.9255 
16449.6  26.9266 
16470.3  26.9278 
16491  26.9289 
16511.7  26.9299 
16532.4  26.9309 
16553.1  26.9319 
16573.8  26.9328 
16594.5  26.9337 
16615.2  26.9346 
16635.9  26.9354 
16656.6  26.9362 
16677.4  26.9371 
16698.1  26.9379 
16718.8  26.9386 
16739.5  26.9394 
16760.2  26.9402 
16780.9  26.941 
16801.6  26.9418 
16822.3  26.9426 
16843  26.9434 
16863.7  26.9443 
16884.4  26.9451 
16905.1  26.946 
16925.8  26.9469 
16946.5  26.9478 
16967.2  26.9488 
16987.9  26.9498 
17008.6  26.9509 
17029.3  26.952 
17050  26.9531 
17070.8  26.9543 
17091.5  26.9556 
17112.2  26.9569 
17132.9  26.9583 
17153.6  26.9598 
17174.3  26.9613 
17195  26.9628 
17215.7  26.9645 
17236.4  26.9662 
17257.1  26.9679 
17277.8  26.9698 
17298.5  26.9717 
17319.2  26.9736 
17339.9  26.9756 
17360.6  26.9777 
17381.3  26.9799 
17402  26.9821 
17422.7  26.9844 
17443.4  26.9867 
17464.1  26.9892 
17484.9  26.9916 
17505.6  26.9942 
17526.3  26.9968 
17547  26.9995 
17567.7  27.0023 
17588.4  27.0051 
17609.1  27.008 
17629.8  27.011 
17650.5  27.014 
17671.2  27.0171 
17691.9  27.0203 
17712.6  27.0236 
17733.3  27.0269 
17754  27.0303 
17774.7  27.0337 
17795.4  27.0373 
17816.1  27.0409 
17836.8  27.0446 
17857.5  27.0483 
17878.3  27.0522 
17899  27.0561 
17919.7  27.06 
17940.4  27.0641 
17961.1  27.0682 
17981.8  27.0724 
18002.5  27.0767 
18023.2  27.081 
18043.9  27.0855 
18064.6  27.0899 
18085.3  27.0945 
18106  27.0991 
18126.7  27.1037 
18147.4  27.1084 
18168.1  27.1132 
18188.8  27.118 
18209.5  27.1228 
18230.2  27.1276 
18250.9  27.1325 
18271.7  27.1373 
18292.4  27.1422 
18313.1  27.1471 
18333.8  27.152 
18354.5  27.1569 
18375.2  27.1618 
18395.9  27.1667 
18416.6  27.1715 
18437.3  27.1764 
18458  27.1812 
18478.7  27.1859 
18499.4  27.1907 
18520.1  27.1954 
18540.8  27.2 
18561.5  27.2047 
18582.2  27.2092 
18602.9  27.2137 
18623.6  27.2181 
18644.3  27.2225 
18665  27.2267 
18685.8  27.2309 
18706.5  27.2351 
18727.2  27.2391 
18747.9  27.243 
18768.6  27.2468 
18789.3  27.2506 
18810  27.2542 
18830.7  27.2577 
18851.4  27.2611 
18872.1  27.2644 
18892.8  27.2675 
18913.5  27.2705 
18934.2  27.2734 
18954.9  27.2761 
18975.6  27.2788 
18996.3  27.2813 
19017  27.2837 
19037.7  27.286 
19058.4  27.2882 
19079.2  27.2903 
19099.9  27.2923 
19120.6  27.2943 
19141.3  27.2961 
19162  27.2979 
19182.7  27.2996 
19203.4  27.3013 
19224.1  27.3029 
19244.8  27.3045 
19265.5  27.306 
19286.2  27.3075 
19306.9  27.3089 
19327.6  27.3104 
19348.3  27.3118 
19369  27.3131 
19389.7  27.3145 
19410.4  27.3159 
19431.1  27.3172 
19451.8  27.3186 
19472.6  27.32 
19493.3  27.3214 
19514  27.3228 
19534.7  27.3243 
19555.4  27.3257 
19576.1  27.3273 
19596.8  27.3288 
19617.5  27.3304 
19638.2  27.3321 
19658.9  27.3338 
19679.6  27.3356 
19700.3  27.3375 
19721  27.3394 
19741.7  27.3414 
19762.4  27.3435 
19783.1  27.3457 
19803.8  27.348 
19824.5  27.3504 
19845.2  27.3529 
19865.9  27.3555 
19886.7  27.3582 
19907.4  27.3609 
19928.1  27.3638 
19948.8  27.3667 
19969.5  27.3698 
19990.2  27.3729 
20010.9  27.3761 
20031.6  27.3794 
20052.3  27.3827 
20073  27.3861 
20093.7  27.3896 
20114.4  27.3931 
20135.1  27.3968 
20155.8  27.4004 
20176.5  27.4042 
20197.2  27.408 
20217.9  27.4118 
20238.6  27.4157 
20259.3  27.4196 
20280.1  27.4236 
20300.8  27.4276 
20321.5  27.4317 
20342.2  27.4358 
20362.9  27.44 
20383.6  27.4441 
20404.3  27.4483 
20425  27.4526 
20445.7  27.4568 
20466.4  27.4611 
20487.1  27.4654 
20507.8  27.4697 
20528.5  27.4741 
20549.2  27.4784 
20569.9  27.4828 
20590.6  27.4872 
20611.3  27.4915 
20632  27.4959 
20652.7  27.5003 
20673.5  27.5046 
20694.2  27.509 
20714.9  27.5134 
20735.6  27.5177 
20756.3  27.522 
20777  27.5264 
20797.7  27.5307 
20818.4  27.535 
20839.1  27.5392 
20859.8  27.5435 
20880.5  27.5477 
20901.2  27.5519 
20921.9  27.5561 
20942.6  27.5603 
20963.3  27.5644 
20984  27.5685 
21004.7  27.5725 
21025.4  27.5766 
21046.1  27.5805 
21066.8  27.5845 
21087.6  27.5884 
21108.3  27.5923 
21129  27.5961 
21149.7  27.5999 
21170.4  27.6036 
21191.1  27.6073 
21211.8  27.611 
21232.5  27.6145 
21253.2  27.6181 
21273.9  27.6216 
21294.6  27.625 
21315.3  27.6283 
21336  27.6316 
21356.7  27.6349 
21377.4  27.638 
21398.1  27.6412 
21418.8  27.6442 
21439.5  27.6472 
21460.2  27.6501 
21481  27.6529 
21501.7  27.6557 
21522.4  27.6583 
21543.1  27.6609 
21563.8  27.6634 
21584.5  27.6659 
21605.2  27.6682 
21625.9  27.6705 
21646.6  27.6727 
21667.3  27.6748 
21688  27.6769 
21708.7  27.6788 
21729.4  27.6808 
21750.1  27.6826 
21770.8  27.6844 
21791.5  27.6862 
21812.2  27.6879 
21832.9  27.6896 
21853.6  27.6913 
21874.4  27.6929 
21895.1  27.6945 
21915.8  27.6961 
21936.5  27.6977 
21957.2  27.6992 
21977.9  27.7008 
21998.6  27.7024 
22019.3  27.7039 
22040  27.7055 
22060.7  27.7071 
22081.4  27.7087 
22102.1  27.7103 
22122.8  27.712 
22143.5  27.7137 
22164.2  27.7154 
22184.9  27.7171 
22205.6  27.719 
22226.3  27.7208 
22247  27.7227 
22267.7  27.7247 
22288.5  27.7268 
22309.2  27.7289 
22329.9  27.7311 
22350.6  27.7333 
22371.3  27.7357 
22392  27.7381 
22412.7  27.7406 
22433.4  27.7433 
22454.1  27.746 
22474.8  27.7488 
22495.5  27.7518 
22516.2  27.7548 
22536.9  27.758 
22557.6  27.7613 
22578.3  27.7646 
22599  27.7681 
22619.7  27.7717 
22640.4  27.7754 
22661.1  27.7792 
22681.9  27.783 
22702.6  27.7869 
22723.3  27.7909 
22744  27.795 
22764.7  27.7992 
22785.4  27.8034 
22806.1  27.8076 
22826.8  27.812 
22847.5  27.8163 
22868.2  27.8207 
22888.9  27.8252 
22909.6  27.8297 
22930.3  27.8342 
22951  27.8388 
22971.7  27.8434 
22992.4  27.848 
23013.1  27.8527 
23033.8  27.8573 
23054.5  27.862 
23075.3  27.8666 
23096  27.8713 
23116.7  27.8759 
23137.4  27.8806 
23158.1  27.8852 
23178.8  27.8899 
23199.5  27.8945 
23220.2  27.8991 
23240.9  27.9036 
23261.6  27.9082 
23282.3  27.9126 
23303  27.9171 
23323.7  27.9215 
23344.4  27.9259 
23365.1  27.9302 
23385.8  27.9344 
23406.5  27.9386 
23427.2  27.9427 
23447.9  27.9468 
23468.6  27.9508 
23489.4  27.9547 
23510.1  27.9586 
23530.8  27.9624 
23551.5  27.9662 
23572.2  27.9699 
23592.9  27.9735 
23613.6  27.9771 
23634.3  27.9807 
23655  27.9842 
23675.7  27.9876 
23696.4  27.991 
23717.1  27.9943 
23737.8  27.9976 
23758.5  28.0008 
23779.2  28.004 
23799.9  28.0072 
23820.6  28.0103 
23841.3  28.0133 
23862  28.0163 
23882.8  28.0193 
23903.5  28.0222 
23924.2  28.0251 
23944.9  28.0279 
23965.6  28.0307 
23986.3  28.0335 
24007  28.0362 
24027.7  28.0389 
24048.4  28.0416 
24069.1  28.0442 
24089.8  28.0468 
24110.5  28.0493 
24131.2  28.0518 
24151.9  28.0543 
24172.6  28.0568 
24193.3  28.0592 
24214  28.0616 
24234.7  28.064 
24255.4  28.0663 
24276.2  28.0686 
24296.9  28.0709 
24317.6  28.0732 
24338.3  28.0755 
24359  28.0777 
24379.7  28.0799 
24400.4  28.0822 
24421.1  28.0844 
24441.8  28.0866 
24462.5  28.0888 
24483.2  28.0911 
24503.9  28.0933 
24524.6  28.0956 
24545.3  28.0979 
24566  28.1002 
24586.7  28.1025 
24607.4  28.1049 
24628.1  28.1073 
24648.8  28.1098 
24669.5  28.1123 
24690.3  28.1149 
24711  28.1175 
24731.7  28.1202 
24752.4  28.123 
24773.1  28.1258 
24793.8  28.1287 
24814.5  28.1317 
24835.2  28.1347 
24855.9  28.1379 
24876.6  28.1411 
24897.3  28.1445 
24918  28.1479 
24938.7  28.1515 
24959.4  28.1551 
24980.1  28.1589 
25000.8  28.1628 
25021.5  28.1668 
25042.2  28.1709 
25062.9  28.1752 
25083.7  28.1796 
25104.4  28.1841 
25125.1  28.1888 
25145.8  28.1936 
25166.5  28.1986 
25187.2  28.2037 
25207.9  28.209 
25228.6  28.2144 
25249.3  28.22 
25270  28.2258 
25290.7  28.2317 
25311.4  28.2376 
25332.1  28.2437 
25352.8  28.2499 
25373.5  28.2562 
25394.2  28.2626 
25414.9  28.2691 
25435.6  28.2756 
25456.3  28.2821 
25477.1  28.2887 
25497.8  28.2954 
25518.5  28.302 
25539.2  28.3087 
25559.9  28.3154 
25580.6  28.322 
25601.3  28.3287 
25622  28.3353 
25642.7  28.3419 
25663.4  28.3485 
25684.1  28.355 
25704.8  28.3614 
25725.5  28.3677 
25746.2  28.374 
25766.9  28.3802 
25787.6  28.3862 
25808.3  28.3922 
25829  28.398 
25849.7  28.4037 
25870.4  28.4093 
25891.2  28.4147 
25911.9  28.4199 
25932.6  28.425 
25953.3  28.4299 
25974  28.4346 
25994.7  28.4391 
26015.4  28.4434 
26036.1  28.4475 
26056.8  28.4513 
26077.5  28.4549 
26098.2  28.4583 
26118.9  28.4613 
26139.6  28.4642 
26160.3  28.4668 
26181  28.4691 
26201.7  28.4713 
26222.4  28.4732 
26243.1  28.4749 
26263.8  28.4764 
26284.6  28.4777 
26305.3  28.4789 
26326  28.4798 
26346.7  28.4807 
26367.4  28.4813 
26388.1  28.4818 
26408.8  28.4822 
26429.5  28.4824 
26450.2  28.4825 
26470.9  28.4825 
26491.6  28.4824 
26512.3  28.4822 
26533  28.482 
26553.7  28.4816 
26574.4  28.4812 
26595.1  28.4807 
26615.8  28.4802 
26636.5  28.4797 
26657.2  28.4791 
26678  28.4785 
26698.7  28.4778 
26719.4  28.4772 
26740.1  28.4766 
26760.8  28.476 
26781.5  28.4754 
26802.2  28.4748 
26822.9  28.4743 
26843.6  28.4738 
26864.3  28.4734 
26885  28.473 
26905.7  28.4728 
26926.4  28.4726 
26947.1  28.4725 
26967.8  28.4725 
26988.5  28.4726 
27009.2  28.4728 
27029.9  28.4732 
27050.6  28.4736 
27071.3  28.4742 
27092.1  28.475 
27112.8  28.4758 
27133.5  28.4767 
27154.2  28.4778 
27174.9  28.4789 
27195.6  28.4802 
27216.3  28.4816 
27237  28.483 
27257.7  28.4846 
27278.4  28.4863 
27299.1  28.4881 
27319.8  28.4899 
27340.5  28.4919 
27361.2  28.4939 
27381.9  28.4961 
27402.6  28.4983 
27423.3  28.5006 
27444  28.503 
27464.7  28.5055 
27485.5  28.508 
27506.2  28.5106 
27526.9  28.5133 
27547.6  28.5161 
27568.3  28.519 
27589  28.5219 
27609.7  28.5249 
27630.4  28.5279 
27651.1  28.531 
27671.8  28.5342 
27692.5  28.5374 
27713.2  28.5407 
27733.9  28.544 
27754.6  28.5474 
27775.3  28.5508 
27796  28.5543 
27816.7  28.5578 
27837.4  28.5614 
27858.1  28.565 
27878.9  28.5687 
27899.6  28.5724 
27920.3  28.5761 
27941  28.5799 
27961.7  28.5837 
27982.4  28.5875 
28003.1  28.5914 
28023.8  28.5952 
28044.5  28.5992 
28065.2  28.6031 
28085.9  28.607 
28106.6  28.611 
28127.3  28.615 
28148  28.619 
28168.7  28.623 
28189.4  28.6271 
28210.1  28.6311 
28230.8  28.6351 
28251.5  28.6392 
28272.2  28.6433 
28293  28.6473 
28313.7  28.6514 
28334.4  28.6555 
28355.1  28.6595 
28375.8  28.6636 
28396.5  28.6676 
28417.2  28.6717 
28437.9  28.6757 
28458.6  28.6798 
28479.3  28.6838 
28500  28.6878 
28520.7  28.6917 
28541.4  28.6957 
28562.1  28.6996 
28582.8  28.7036 
28603.5  28.7075 
28624.2  28.7113 
28644.9  28.7152 
28665.6  28.719 
28686.4  28.7228 
28707.1  28.7265 
28727.8  28.7302 
28748.5  28.7339 
28769.2  28.7375 
28789.9  28.7411 
28810.6  28.7447 
28831.3  28.7482 
28852  28.7516 
28872.7  28.7551 
28893.4  28.7585 
28914.1  28.7618 
28934.8  28.7651 
28955.5  28.7684 
28976.2  28.7717 
28996.9  28.7749 
29017.6  28.7781 
29038.3  28.7813 
29059  28.7844 
29079.8  28.7875 
29100.5  28.7906 
29121.2  28.7937 
29141.9  28.7968 
29162.6  28.7998 
29183.3  28.8028 
29204  28.8059 
29224.7  28.8088 
29245.4  28.8118 
29266.1  28.8148 
29286.8  28.8178 
29307.5  28.8207 
29328.2  28.8237 
29348.9  28.8266 
29369.6  28.8296 
29390.3  28.8325 
29411  28.8355 
29431.7  28.8384 
29452.4  28.8414 
29473.1  28.8444 
29493.9  28.8473 
29514.6  28.8503 
29535.3  28.8533 
29556  28.8563 
29576.7  28.8593 
29597.4  28.8623 
29618.1  28.8654 
29638.8  28.8684 
29659.5  28.8715 
29680.2  28.8746 
29700.9  28.8777 
29721.6  28.8809 
29742.3  28.884 
29763  28.8872 
29783.7  28.8905 
29804.4  28.8937 
29825.1  28.897 
29845.8  28.9003 
29866.5  28.9036 
29887.3  28.907 
29908  28.9104 
29928.7  28.9138 
29949.4  28.9173 
29970.1  28.9207 
29990.8  28.9243 
30011.5  28.9278 
30032.2  28.9314 
30052.9  28.935 
30073.6  28.9387 
30094.3  28.9424 
30115  28.9461 
30135.7  28.9499 
30156.4  28.9537 
30177.1  28.9575 
30197.8  28.9614 
30218.5  28.9653 
30239.2  28.9693 
30259.9  28.9733 
30280.7  28.9773 
30301.4  28.9814 
30322.1  28.9855 
30342.8  28.9897 
30363.5  28.9939 
30384.2  28.9982 
30404.9  29.0025 
30425.6  29.0068 
30446.3  29.0112 
30467  29.0157 
30487.7  29.0202 
30508.4  29.0247 
30529.1  29.0293 
30549.8  29.034 
30570.5  29.0386 
30591.2  29.0434 
30611.9  29.0482 
30632.6  29.053 
30653.3  29.0579 
30674  29.0629 
30694.8  29.0679 
30715.5  29.0729 
30736.2  29.0779 
30756.9  29.083 
30777.6  29.0882 
30798.3  29.0933 
30819  29.0985 
30839.7  29.1037 
30860.4  29.1089 
30881.1  29.1141 
30901.8  29.1194 
30922.5  29.1247 
30943.2  29.1299 
30963.9  29.1352 
30984.6  29.1405 
31005.3  29.1458 
31026  29.151 
31046.7  29.1563 
31067.4  29.1616 
31088.2  29.1668 
31108.9  29.172 
31129.6  29.1773 
31150.3  29.1825 
31171  29.1876 
31191.7  29.1928 
31212.4  29.1979 
31233.1  29.203 
31253.8  29.208 
31274.5  29.213 
31295.2  29.218 
31315.9  29.223 
31336.6  29.2278 
31357.3  29.2327 
31378  29.2375 
31398.7  29.2422 
31419.4  29.2469 
31440.1  29.2515 
31460.8  29.256 
31481.6  29.2605 
31502.3  29.265 
31523  29.2693 
31543.7  29.2736 
31564.4  29.2778 
31585.1  29.2819 
31605.8  29.286 
31626.5  29.29 
31647.2  29.294 
31667.9  29.2978 
31688.6  29.3016 
31709.3  29.3054 
31730  29.3091 
31750.7  29.3127 
31771.4  29.3162 
31792.1  29.3197 
31812.8  29.3232 
31833.5  29.3266 
31854.2  29.3299 
31874.9  29.3331 
31895.7  29.3363 
31916.4  29.3395 
31937.1  29.3426 
31957.8  29.3456 
31978.5  29.3486 
31999.2  29.3515 
32019.9  29.3544 
32040.6  29.3572 
32061.3  29.36 
32082  29.3627 
32102.7  29.3654 
32123.4  29.368 
32144.1  29.3705 
32164.8  29.3731 
32185.5  29.3755 
32206.2  29.378 
32226.9  29.3803 
32247.6  29.3827 
32268.3  29.385 
32289.1  29.3872 
32309.8  29.3894 
32330.5  29.3916 
32351.2  29.3937 
32371.9  29.3958 
32392.6  29.3979 
32413.3  29.3999 
32434  29.4018 
32454.7  29.4038 
32475.4  29.4057 
32496.1  29.4075 
32516.8  29.4094 
32537.5  29.4112 
32558.2  29.413 
32578.9  29.4148 
32599.6  29.4165 
32620.3  29.4183 
32641  29.42 
32661.7  29.4217 
32682.5  29.4234 
32703.2  29.4251 
32723.9  29.4268 
32744.6  29.4285 
32765.3  29.4302 
32786  29.4319 
32806.7  29.4336 
32827.4  29.4353 
32848.1  29.4371 
32868.8  29.4388 
32889.5  29.4406 
32910.2  29.4424 
32930.9  29.4442 
32951.6  29.446 
32972.3  29.4478 
32993  29.4497 
33013.7  29.4516 
33034.4  29.4536 
33055.1  29.4555 
33075.9  29.4575 
33096.6  29.4596 
33117.3  29.4617 
33138  29.4638 
33158.7  29.466 
33179.4  29.4683 
33200.1  29.4706 
33220.8  29.4729 
33241.5  29.4753 
33262.2  29.4778 
33282.9  29.4803 
33303.6  29.4829 
33324.3  29.4855 
33345  29.4882 
33365.7  29.491 
33386.4  29.4939 
33407.1  29.4968 
33427.8  29.4998 
33448.5  29.5028 
33469.2  29.5059 
33490  29.509 
33510.7  29.5122 
33531.4  29.5155 
33552.1  29.5188 
33572.8  29.5222 
33593.5  29.5256 
33614.2  29.5291 
33634.9  29.5326 
33655.6  29.5362 
33676.3  29.5398 
33697  29.5435 
33717.7  29.5473 
33738.4  29.551 
33759.1  29.5549 
33779.8  29.5587 
33800.5  29.5626 
33821.2  29.5666 
33841.9  29.5706 
33862.6  29.5746 
33883.4  29.5787 
33904.1  29.5828 
33924.8  29.587 
33945.5  29.5912 
33966.2  29.5954 
33986.9  29.5997 
34007.6  29.604 
34028.3  29.6083 
34049  29.6127 
34069.7  29.6171 
34090.4  29.6215 
34111.1  29.626 
34131.8  29.6305 
34152.5  29.635 
34173.2  29.6395 
34193.9  29.6441 
34214.6  29.6487 
34235.3  29.6533 
34256  29.6579 
34276.8  29.6626 
34297.5  29.6673 
34318.2  29.672 
34338.9  29.6767 
34359.6  29.6814 
34380.3  29.6861 
34401  29.6909 
34421.7  29.6956 
34442.4  29.7004 
34463.1  29.7051 
34483.8  29.7099 
34504.5  29.7146 
34525.2  29.7194 
34545.9  29.7242 
34566.6  29.7289 
34587.3  29.7337 
34608  29.7384 
34628.7  29.7431 
34649.4  29.7478 
34670.1  29.7525 
34690.9  29.7572 
34711.6  29.7619 
34732.3  29.7665 
34753  29.7712 
34773.7  29.7758 
34794.4  29.7803 
34815.1  29.7849 
34835.8  29.7894 
34856.5  29.7939 
34877.2  29.7984 
34897.9  29.8028 
34918.6  29.8072 
34939.3  29.8116 
34960  29.8159 
34980.7  29.8202 
35001.4  29.8244 
35022.1  29.8286 
35042.8  29.8328 
35063.5  29.8369 
35084.3  29.8409 
35105  29.8449 
35125.7  29.8489 
35146.4  29.8528 
35167.1  29.8566 
35187.8  29.8604 
35208.5  29.8641 
35229.2  29.8678 
35249.9  29.8714 
35270.6  29.8749 
35291.3  29.8784 
35312  29.8818 
35332.7  29.8852 
35353.4  29.8884 
35374.1  29.8917 
35394.8  29.8948 
35415.5  29.8979 
35436.2  29.9009 
35456.9  29.9038 
35477.7  29.9067 
35498.4  29.9094 
35519.1  29.9121 
35539.8  29.9148 
35560.5  29.9173 
35581.2  29.9197 
35601.9  29.9221 
35622.6  29.9244 
35643.3  29.9266 
35664  29.9287 
35684.7  29.9308 
35705.4  29.9327 
35726.1  29.9345 
35746.8  29.9363 
35767.5  29.938 
35788.2  29.9395 
35808.9  29.941 
35829.6  29.9424 
35850.3  29.9436 
35871  29.9448 
35891.8  29.9459 
35912.5  29.9469 
35933.2  29.9477 
35953.9  29.9485 
35974.6  29.9491 
35995.3  29.9497 
36016  29.9501 
36036.7  29.9505 
36057.4  29.9507 
36078.1  29.9508 
36098.8  29.9509 
36119.5  29.9509 
36140.2  29.9508 
36160.9  29.9506 
36181.6  29.9504 
36202.3  29.9501 
36223  29.9498 
36243.7  29.9495 
36264.4  29.9491 
36285.2  29.9487 
36305.9  29.9483 
36326.6  29.9479 
36347.3  29.9475 
36368  29.947 
36388.7  29.9466 
36409.4  29.9462 
36430.1  29.9458 
36450.8  29.9455 
36471.5  29.9452 
36492.2  29.9449 
36512.9  29.9447 
36533.6  29.9445 
36554.3  29.9444 
36575  29.9444 
36595.7  29.9445 
36616.4  29.9446 
36637.1  29.9448 
36657.8  29.9452 
36678.6  29.9456 
36699.3  29.9461 
36720  29.9468 
36740.7  29.9476 
36761.4  29.9485 
36782.1  29.9495 
36802.8  29.9507 
36823.5  29.952 
36844.2  29.9535 
36864.9  29.9552 
36885.6  29.957 
36906.3  29.9591 
36927  29.9613 
36947.7  29.9636 
36968.4  29.9662 
36989.1  29.9689 
37009.8  29.9717 
37030.5  29.9748 
37051.2  29.978 
37071.9  29.9813 
37092.7  29.9848 
37113.4  29.9884 
37134.1  29.9921 
37154.8  29.996 
37175.5  29.9999 
37196.2  30.0041 
37216.9  30.0083 
37237.6  30.0126 
37258.3  30.017 
37279  30.0216 
37299.7  30.0262 
37320.4  30.0309 
37341.1  30.0357 
37361.8  30.0405 
37382.5  30.0455 
37403.2  30.0505 
37423.9  30.0556 
37444.6  30.0607 
37465.3  30.0659 
37486.1  30.0712 
37506.8  30.0764 
37527.5  30.0818 
37548.2  30.0871 
37568.9  30.0925 
37589.6  30.0979 
37610.3  30.1034 
37631  30.1088 
37651.7  30.1143 
37672.4  30.1197 
37693.1  30.1252 
37713.8  30.1307 
37734.5  30.1361 
37755.2  30.1416 
37775.9  30.147 
37796.6  30.1524 
37817.3  30.1577 
37838  30.1631 
37858.7  30.1684 
37879.5  30.1736 
37900.2  30.1789 
37920.9  30.1841 
37941.6  30.1892 
37962.3  30.1943 
37983  30.1994 
38003.7  30.2044 
38024.4  30.2094 
38045.1  30.2144 
38065.8  30.2192 
38086.5  30.2241 
38107.2  30.2289 
38127.9  30.2336 
38148.6  30.2383 
38169.3  30.2429 
38190  30.2474 
38210.7  30.2519 
38231.4  30.2564 
38252.1  30.2607 
38272.8  30.265 
38293.6  30.2693 
38314.3  30.2734 
38335  30.2775 
38355.7  30.2815 
38376.4  30.2855 
38397.1  30.2894 
38417.8  30.2931 
38438.5  30.2969 
38459.2  30.3005 
38479.9  30.304 
38500.6  30.3075 
38521.3  30.3109 
38542  30.3142 
38562.7  30.3174 
38583.4  30.3205 
38604.1  30.3235 
38624.8  30.3265 
38645.5  30.3293 
38666.2  30.332 
38687  30.3347 
38707.7  30.3372 
38728.4  30.3396 
38749.1  30.342 
38769.8  30.3442 
38790.5  30.3464 
38811.2  30.3485 
38831.9  30.3505 
38852.6  30.3524 
38873.3  30.3542 
38894  30.356 
38914.7  30.3578 
38935.4  30.3595 
38956.1  30.3611 
38976.8  30.3627 
38997.5  30.3642 
39018.2  30.3657 
39038.9  30.3672 
39059.6  30.3686 
39080.4  30.3701 
39101.1  30.3715 
39121.8  30.3728 
39142.5  30.3742 
39163.2  30.3756 
39183.9  30.377 
39204.6  30.3783 
39225.3  30.3797 
39246  30.3811 
39266.7  30.3825 
39287.4  30.384 
39308.1  30.3854 
39328.8  30.3869 
39349.5  30.3884 
39370.2  30.39 
39390.9  30.3916 
39411.6  30.3933 
39432.3  30.395 
39453  30.3968 
39473.7  30.3986 
39494.5  30.4005 
39515.2  30.4025 
39535.9  30.4045 
39556.6  30.4066 
39577.3  30.4088 
39598  30.4111 
39618.7  30.4135 
39639.4  30.416 
39660.1  30.4186 
39680.8  30.4212 
39701.5  30.424 
39722.2  30.4268 
39742.9  30.4297 
39763.6  30.4326 
39784.3  30.4357 
39805  30.4388 
39825.7  30.4419 
39846.4  30.4451 
39867.1  30.4484 
39887.9  30.4517 
39908.6  30.4551 
39929.3  30.4585 
39950  30.462 
39970.7  30.4655 
39991.4  30.469 
40012.1  30.4726 
40032.8  30.4762 
40053.5  30.4798 
40074.2  30.4834 
40094.9  30.4871 
40115.6  30.4908 
40136.3  30.4945 
40157  30.4982 
40177.7  30.5019 
40198.4  30.5056 
40219.1  30.5093 
40239.8  30.513 
40260.5  30.5167 
40281.3  30.5204 
40302  30.5241 
40322.7  30.5277 
40343.4  30.5314 
40364.1  30.535 
40384.8  30.5386 
40405.5  30.5421 
40426.2  30.5457 
40446.9  30.5492 
40467.6  30.5526 
40488.3  30.556 
40509  30.5594 
40529.7  30.5627 
40550.4  30.566 
40571.1  30.5692 
40591.8  30.5724 
40612.5  30.5756 
40633.2  30.5787 
40653.9  30.5818 
40674.6  30.5848 
40695.4  30.5878 
40716.1  30.5908 
40736.8  30.5937 
40757.5  30.5966 
40778.2  30.5995 
40798.9  30.6024 
40819.6  30.6052 
40840.3  30.608 
40861  30.6108 
40881.7  30.6136 
40902.4  30.6163 
40923.1  30.6191 
40943.8  30.6218 
40964.5  30.6245 
40985.2  30.6272 
41005.9  30.6299 
41026.6  30.6326 
41047.3  30.6353 
41068  30.6379 
41088.8  30.6406 
41109.5  30.6433 
41130.2  30.6459 
41150.9  30.6486 
41171.6  30.6513 
41192.3  30.654 
41213  30.6567 
41233.7  30.6594 
41254.4  30.6621 
41275.1  30.6648 
41295.8  30.6675 
41316.5  30.6703 
41337.2  30.673 
41357.9  30.6758 
41378.6  30.6786 
41399.3  30.6814 
41420  30.6843 
41440.7  30.6872 
41461.4  30.6901 
41482.2  30.693 
41502.9  30.6959 
41523.6  30.6988 
41544.3  30.7018 
41565  30.7048 
41585.7  30.7077 
41606.4  30.7107 
41627.1  30.7137 
41647.8  30.7167 
41668.5  30.7197 
41689.2  30.7227 
41709.9  30.7258 
41730.6  30.7288 
41751.3  30.7318 
41772  30.7348 
41792.7  30.7378 
41813.4  30.7408 
41834.1  30.7438 
41854.8  30.7468 
41875.5  30.7498 
41896.3  30.7527 
41917  30.7557 
41937.7  30.7586 
41958.4  30.7615 
41979.1  30.7644 
41999.8  30.7673 
42020.5  30.7702 
42041.2  30.773 
42061.9  30.7758 
42082.6  30.7786 
42103.3  30.7814 
42124  30.7841 
42144.7  30.7868 
42165.4  30.7895 
42186.1  30.7921 
42206.8  30.7947 
42227.5  30.7973 
42248.2  30.7998 
42268.9  30.8023 
42289.7  30.8048 
42310.4  30.8072 
42331.1  30.8096 
42351.8  30.8119 
42372.5  30.8142 
42393.2  30.8164 
42413.9  30.8187 
42434.6  30.8209 
42455.3  30.823 
42476  30.8252 
42496.7  30.8273 
42517.4  30.8294 
42538.1  30.8315 
42558.8  30.8336 
42579.5  30.8357 
42600.2  30.8378 
42620.9  30.8398 
42641.6  30.8419 
42662.3  30.844 
42683.1  30.846 
42703.8  30.8481 
42724.5  30.8502 
42745.2  30.8523 
42765.9  30.8544 
42786.6  30.8566 
42807.3  30.8587 
42828  30.8609 
42848.7  30.8631 
42869.4  30.8653 
42890.1  30.8676 
42910.8  30.8699 
42931.5  30.8722 
42952.2  30.8746 
42972.9  30.877 
42993.6  30.8794 
43014.3  30.8819 
43035  30.8845 
43055.7  30.8871 
43076.4  30.8898 
43097.2  30.8925 
43117.9  30.8953 
43138.6  30.8981 
43159.3  30.901 
43180  30.904 
43200.7  30.9071 
43221.4  30.9102 
43242.1  30.9134 
43262.8  30.9166 
43283.5  30.92 
43304.2  30.9233 
43324.9  30.9267 
43345.6  30.9302 
43366.3  30.9337 
43387  30.9373 
43407.7  30.9408 
43428.4  30.9444 
43449.1  30.9481 
43469.8  30.9517 
43490.6  30.9553 
43511.3  30.959 
43532  30.9626 
43552.7  30.9663 
43573.4  30.9699 
43594.1  30.9735 
43614.8  30.9771 
43635.5  30.9807 
43656.2  30.9843 
43676.9  30.9878 
43697.6  30.9913 
43718.3  30.9947 
43739  30.9981 
43759.7  31.0015 
43780.4  31.0048 
43801.1  31.008 
43821.8  31.0111 
43842.5  31.0142 
43863.2  31.0172 
43884  31.0201 
43904.7  31.023 
43925.4  31.0257 
43946.1  31.0284 
43966.8  31.0309 
43987.5  31.0334 
44008.2  31.0357 
44028.9  31.0379 
44049.6  31.04 
44070.3  31.042 
44091  31.0438 
44111.7  31.0455 
44132.4  31.0471 
44153.1  31.0485 
44173.8  31.0499 
44194.5  31.0511 
44215.2  31.0522 
44235.9  31.0532 
44256.6  31.0542 
44277.3  31.055 
44298.1  31.0558 
44318.8  31.0566 
44339.5  31.0573 
44360.2  31.0579 
44380.9  31.0585 
44401.6  31.0591 
44422.3  31.0596 
44443  31.0602 
44463.7  31.0607 
44484.4  31.0613 
44505.1  31.0618 
44525.8  31.0624 
44546.5  31.063 
44567.2  31.0637 
44587.9  31.0644 
44608.6  31.0651 
44629.3  31.0659 
44650  31.0668 
44670.7  31.0678 
44691.5  31.0688 
44712.2  31.0699 
44732.9  31.0712 
44753.6  31.0725 
44774.3  31.074 
44795  31.0755 
44815.7  31.0773 
44836.4  31.0791 
44857.1  31.0811 
44877.8  31.0833 
44898.5  31.0857 
44919.2  31.0882 
44939.9  31.0909 
44960.6  31.0937 
44981.3  31.0968 
45002  31.1001 
45022.7  31.1036 
45043.4  31.1073 
45064.1  31.1112 
45084.9  31.1153 
45105.6  31.1195 
45126.3  31.1239 
45147  31.1284 
45167.7  31.1331 
45188.4  31.1379 
45209.1  31.1428 
45229.8  31.1478 
45250.5  31.1529 
45271.2  31.1581 
45291.9  31.1633 
45312.6  31.1686 
45333.3  31.1739 
45354  31.1793 
45374.7  31.1847 
45395.4  31.1901 
45416.1  31.1954 
45436.8  31.2008 
45457.5  31.2061 
45478.2  31.2114 
45499  31.2167 
45519.7  31.2219 
45540.4  31.227 
45561.1  31.2321 
45581.8  31.237 
45602.5  31.2419 
45623.2  31.2466 
45643.9  31.2512 
45664.6  31.2556 
45685.3  31.2599 
45706  31.2641 
45726.7  31.268 
45747.4  31.2718 
45768.1  31.2754 
45788.8  31.2788 
45809.5  31.282 
45830.2  31.2849 
45850.9  31.2876 
45871.6  31.29 
45892.4  31.2922 
45913.1  31.2941 
45933.8  31.2957 
45954.5  31.297 
45975.2  31.2981 
45995.9  31.299 
46016.6  31.2996 
46037.3  31.3 
46058  31.3001 
46078.7  31.3001 
46099.4  31.2998 
46120.1  31.2994 
46140.8  31.2987 
46161.5  31.2979 
46182.2  31.2969 
46202.9  31.2958 
46223.6  31.2945 
46244.3  31.2931 
46265  31.2915 
46285.8  31.2898 
46306.5  31.2881 
46327.2  31.2862 
46347.9  31.2842 
46368.6  31.2821 
46389.3  31.2799 
46410  31.2777 
46430.7  31.2754 
46451.4  31.2731 
46472.1  31.2707 
46492.8  31.2683 
46513.5  31.2659 
46534.2  31.2635 
46554.9  31.261 
46575.6  31.2586 
46596.3  31.2562 
46617  31.2538 
46637.7  31.2514 
46658.4  31.2491 
46679.1  31.2468 
46699.9  31.2446 
46720.6  31.2424 
46741.3  31.2403 
46762  31.2383 
46782.7  31.2364 
46803.4  31.2346 
46824.1  31.2329 
46844.8  31.2314 
46865.5  31.2299 
46886.2  31.2285 
46906.9  31.2272 
46927.6  31.226 
46948.3  31.2249 
46969  31.2239 
46989.7  31.2229 
47010.4  31.2221 
47031.1  31.2213 
47051.8  31.2205 
47072.5  31.2199 
47093.3  31.2192 
47114  31.2187 
47134.7  31.2182 
47155.4  31.2177 
47176.1  31.2173 
47196.8  31.217 
47217.5  31.2166 
47238.2  31.2163 
47258.9  31.2161 
47279.6  31.2158 
47300.3  31.2156 
47321  31.2154 
47341.7  31.2152 
47362.4  31.215 
47383.1  31.2149 
47403.8  31.2147 
47424.5  31.2145 
47445.2  31.2143 
47465.9  31.2141 
47486.7  31.2139 
47507.4  31.2137 
47528.1  31.2135 
47548.8  31.2132 
47569.5  31.2129 
47590.2  31.2126 
47610.9  31.2122 
47631.6  31.2118 
47652.3  31.2114 
47673  31.2109 
47693.7  31.2103 
47714.4  31.2097 
47735.1  31.2091 
47755.8  31.2084 
47776.5  31.2076 
47797.2  31.2068 
47817.9  31.206 
47838.6  31.2051 
47859.3  31.2042 
47880  31.2032 
47900.8  31.2023 
47921.5  31.2013 
47942.2  31.2003 
47962.9  31.1993 
47983.6  31.1982 
48004.3  31.1972 
48025  31.1962 
48045.7  31.1951 
48066.4  31.1941 
48087.1  31.1931 
48107.8  31.1921 
48128.5  31.1911 
48149.2  31.1901 
48169.9  31.1891 
48190.6  31.1882 
48211.3  31.1873 
48232  31.1865 
48252.7  31.1856 
48273.4  31.1849 
48294.2  31.1841 
48314.9  31.1834 
48335.6  31.1828 
48356.3  31.1822 
48377  31.1817 
48397.7  31.1812 
48418.4  31.1808 
48439.1  31.1805 
48459.8  31.1802 
48480.5  31.1801 
48501.2  31.18 
48521.9  31.18 
48542.6  31.1801 
48563.3  31.1802 
48584  31.1805 
48604.7  31.1809 
48625.4  31.1814 
48646.1  31.1819 
48666.8  31.1826 
48687.6  31.1834 
48708.3  31.1842 
48729  31.1852 
48749.7  31.1862 
48770.4  31.1873 
48791.1  31.1885 
48811.8  31.1897 
48832.5  31.1911 
48853.2  31.1925 
48873.9  31.1939 
48894.6  31.1954 
48915.3  31.197 
48936  31.1986 
48956.7  31.2003 
48977.4  31.2021 
48998.1  31.2038 
49018.8  31.2057 
49039.5  31.2075 
49060.2  31.2094 
49080.9  31.2114 
49101.7  31.2133 
49122.4  31.2153 
49143.1  31.2173 
49163.8  31.2194 
49184.5  31.2214 
49205.2  31.2235 
49225.9  31.2256 
49246.6  31.2277 
49267.3  31.2297 
49288  31.2318 
49308.7  31.2339 
49329.4  31.236 
49350.1  31.2381 
49370.8  31.2402 
49391.5  31.2422 
49412.2  31.2443 
49432.9  31.2463 
49453.6  31.2483 
49474.3  31.2503 
49495.1  31.2522 
49515.8  31.2542 
49536.5  31.256 
49557.2  31.2579 
49577.9  31.2597 
49598.6  31.2615 
49619.3  31.2632 
49640  31.2649 
49660.7  31.2666 
49681.4  31.2682 
49702.1  31.2699 
49722.8  31.2714 
49743.5  31.273 
49764.2  31.2745 
49784.9  31.2759 
49805.6  31.2773 
49826.3  31.2787 
49847  31.2801 
49867.7  31.2814 
49888.5  31.2826 
49909.2  31.2839 
49929.9  31.2851 
49950.6  31.2862 
49971.3  31.2873 
49992  31.2884 
50012.7  31.2894 
50033.4  31.2904 
50054.1  31.2914 
50074.8  31.2923 
50095.5  31.2932 
50116.2  31.294 
50136.9  31.2948 
50157.6  31.2955 
50178.3  31.2962 
50199  31.2969 
50219.7  31.2975 
50240.4  31.298 
50261.1  31.2986 
50281.8  31.299 
50302.6  31.2995 
50323.3  31.2999 
50344  31.3002 
50364.7  31.3005 
50385.4  31.3008 
50406.1  31.301 
50426.8  31.3011 
50447.5  31.3012 
50468.2  31.3013 
50488.9  31.3013 
50509.6  31.3013 
50530.3  31.3013 
50551  31.3012 
50571.7  31.301 
50592.4  31.3009 
50613.1  31.3007 
50633.8  31.3004 
50654.5  31.3001 
50675.2  31.2998 
50696  31.2995 
50716.7  31.2991 
50737.4  31.2987 
50758.1  31.2983 
50778.8  31.2978 
50799.5  31.2974 
50820.2  31.2969 
50840.9  31.2963 
50861.6  31.2958 
50882.3  31.2952 
50903  31.2946 
50923.7  31.294 
50944.4  31.2934 
50965.1  31.2928 
50985.8  31.2921 
51006.5  31.2914 
51027.2  31.2907 
51047.9  31.29 
51068.6  31.2893 
51089.4  31.2886 
51110.1  31.2879 
51130.8  31.2872 
51151.5  31.2864 
51172.2  31.2857 
51192.9  31.2849 
51213.6  31.2842 
51234.3  31.2834 
51255  31.2827 
51275.7  31.2819 
51296.4  31.2812 
51317.1  31.2804 
51337.8  31.2797 
51358.5  31.2789 
51379.2  31.2782 
51399.9  31.2774 
51420.6  31.2766 
51441.3  31.2758 
51462  31.275 
51482.7  31.2741 
51503.5  31.2732 
51524.2  31.2722 
51544.9  31.2712 
51565.6  31.2701 
51586.3  31.269 
51607  31.2679 
51627.7  31.2666 
51648.4  31.2653 
51669.1  31.2639 
51689.8  31.2625 
51710.5  31.2609 
51731.2  31.2593 
51751.9  31.2576 
51772.6  31.2558 
51793.3  31.2539 
51814  31.2518 
51834.7  31.2497 
51855.4  31.2474 
51876.1  31.2451 
51896.9  31.2426 
51917.6  31.2399 
51938.3  31.2372 
51959  31.2343 
51979.7  31.2312 
52000.4  31.228 
52021.1  31.2247 
52041.8  31.2212 
52062.5  31.2175 
52083.2  31.2137 
52103.9  31.2097 
52124.6  31.2055 
52145.3  31.2012 
52166  31.1967 
52186.7  31.1919 
52207.4  31.187 
52228.1  31.1819 
52248.8  31.1766 
52269.5  31.1711 
52290.3  31.1655 
52311  31.1598 
52331.7  31.1539 
52352.4  31.1479 
52373.1  31.1418 
52393.8  31.1357 
52414.5  31.1294 
52435.2  31.1231 
52455.9  31.1167 
52476.6  31.1104 
52497.3  31.1039 
52518  31.0975 
52538.7  31.0911 
52559.4  31.0847 
52580.1  31.0784 
52600.8  31.072 
52621.5  31.0658 
52642.2  31.0596 
52662.9  31.0535 
52683.6  31.0475 
52704.4  31.0416 
52725.1  31.0358 
52745.8  31.0302 
52766.5  31.0247 
52787.2  31.0193 
52807.9  31.0142 
52828.6  31.0092 
52849.3  31.0045 
52870  30.9999 
52890.7  30.9956 
52911.4  30.9916 
52932.1  30.9878 
52952.8  30.9842 
52973.5  30.9809 
52994.2  30.978 
53014.9  30.9753 
53035.6  30.973 
53056.3  30.971 
53077  30.9693 
53097.8  30.968 
53118.5  30.9671 
53139.2  30.9665 
53159.9  30.9663 
53180.6  30.9664 
53201.3  30.9668 
53222  30.9675 
53242.7  30.9685 
53263.4  30.9697 
53284.1  30.9711 
53304.8  30.9728 
53325.5  30.9747 
53346.2  30.9768 
53366.9  30.979 
53387.6  30.9814 
53408.3  30.984 
53429  30.9866 
53449.7  30.9894 
53470.4  30.9922 
53491.2  30.9951 
53511.9  30.9981 
53532.6  31.001 
53553.3  31.004 
53574  31.007 
53594.7  31.01 
53615.4  31.0129 
53636.1  31.0158 
53656.8  31.0186 
53677.5  31.0213 
53698.2  31.0239 
53718.9  31.0264 
53739.6  31.0287 
53760.3  31.0309 
53781  31.0329 
53801.7  31.0347 
53822.4  31.0363 
53843.1  31.0377 
53863.8  31.0388 
53884.5  31.0397 
53905.3  31.0403 
53926  31.0406 
53946.7  31.0406 
53967.4  31.0402 
53988.1  31.0395 
54008.8  31.0384 
54029.5  31.037 
54050.2  31.0352 
54070.9  31.033 
54091.6  31.0305 
54112.3  31.0277 
54133  31.0246 
54153.7  31.0211 
54174.4  31.0174 
54195.1  31.0133 
54215.8  31.0091 
54236.5  31.0045 
54257.2  30.9997 
54277.9  30.9946 
54298.7  30.9894 
54319.4  30.9839 
54340.1  30.9782 
54360.8  30.9723 
54381.5  30.9662 
54402.2  30.96 
54422.9  30.9536 
54443.6  30.947 
54464.3  30.9403 
54485  30.9335 
54505.7  30.9265 
54526.4  30.9195 
54547.1  30.9123 
54567.8  30.9051 
54588.5  30.8978 
54609.2  30.8904 
54629.9  30.883 
54650.6  30.8755 
54671.3  30.868 
54692.1  30.8605 
54712.8  30.853 
54733.5  30.8454 
54754.2  30.8379 
54774.9  30.8304 
54795.6  30.823 
54816.3  30.8156 
54837  30.8083 
54857.7  30.801 
54878.4  30.7938 
54899.1  30.7867 
54919.8  30.7797 
54940.5  30.7728 
54961.2  30.766 
54981.9  30.7593 
55002.6  30.7527 
55023.3  30.7462 
55044  30.7397 
55064.7  30.7333 
55085.4  30.727 
55106.2  30.7208 
55126.9  30.7146 
55147.6  30.7085 
55168.3  30.7024 
55189  30.6964 
55209.7  30.6904 
55230.4  30.6845 
55251.1  30.6786 
55271.8  30.6727 
55292.5  30.6669 
55313.2  30.6611 
55333.9  30.6553 
55354.6  30.6496 
55375.3  30.6438 
55396  30.6381 
55416.7  30.6324 
55437.4  30.6267 
55458.1  30.6209 
55478.8  30.6152 
55499.6  30.6095 
55520.3  30.6037 
55541  30.598 
55561.7  30.5922 
55582.4  30.5863 
55603.1  30.5805 
55623.8  30.5746 
55644.5  30.5687 
55665.2  30.5627 
55685.9  30.5567 
55706.6  30.5507 
55727.3  30.5446 
55748  30.5384 
55768.7  30.5322 
55789.4  30.5259 
55810.1  30.5195 
55830.8  30.5131 
55851.5  30.5065 
55872.2  30.5 
55893  30.4933 
55913.7  30.4866 
55934.4  30.4798 
55955.1  30.4729 
55975.8  30.466 
55996.5  30.459 
56017.2  30.4519 
56037.9  30.4448 
56058.6  30.4376 
56079.3  30.4303 
56100  30.423 
56120.7  30.4156 
56141.4  30.4081 
56162.1  30.4006 
56182.8  30.393 
56203.5  30.3853 
56224.2  30.3776 
56244.9  30.3698 
56265.6  30.3619 
56286.3  30.354 
56307.1  30.346 
56327.8  30.338 
56348.5  30.3298 
56369.2  30.3217 
56389.9  30.3134 
56410.6  30.3052 
56431.3  30.2968 
56452  30.2884 
56472.7  30.2799 
56493.4  30.2714 
56514.1  30.2628 
56534.8  30.2541 
56555.5  30.2454 
56576.2  30.2367 
56596.9  30.2278 
56617.6  30.219 
56638.3  30.21 
56659  30.201 
56679.7  30.192 
56700.5  30.1829 
56721.2  30.1737 
56741.9  30.1645 
56762.6  30.1553 
56783.3  30.146 
56804  30.1366 
56824.7  30.1272 
56845.4  30.1178 
56866.1  30.1084 
56886.8  30.0989 
56907.5  30.0893 
56928.2  30.0798 
56948.9  30.0702 
56969.6  30.0607 
56990.3  30.0511 
57011  30.0414 
57031.7  30.0318 
57052.4  30.0222 
57073.1  30.0125 
57093.9  30.0029 
57114.6  29.9933 
57135.3  29.9836 
57156  29.974 
57176.7  29.9644 
57197.4  29.9548 
57218.1  29.9452 
57238.8  29.9356 
57259.5  29.9261 
57280.2  29.9165 
57300.9  29.907 
57321.6  29.8976 
57342.3  29.8881 
57363  29.8787 
57383.7  29.8694 
57404.4  29.8601 
57425.1  29.8508 
57445.8  29.8416 
57466.5  29.8324 
57487.2  29.8233 
57508  29.8142 
57528.7  29.8052 
57549.4  29.7963 
57570.1  29.7874 
57590.8  29.7786 
57611.5  29.7698 
57632.2  29.7612 
57652.9  29.7526 
57673.6  29.744 
57694.3  29.7356 
57715  29.7272 
57735.7  29.7188 
57756.4  29.7105 
57777.1  29.7022 
57797.8  29.694 
57818.5  29.6859 
57839.2  29.6778 
57859.9  29.6697 
57880.6  29.6616 
57901.4  29.6536 
57922.1  29.6456 
57942.8  29.6377 
57963.5  29.6297 
57984.2  29.6218 
58004.9  29.6139 
58025.6  29.606 
58046.3  29.5981 
58067  29.5902 
58087.7  29.5824 
58108.4  29.5745 
58129.1  29.5666 
58149.8  29.5588 
58170.5  29.5509 
58191.2  29.543 
58211.9  29.5351 
58232.6  29.5271 
58253.3  29.5192 
58274  29.5112 
58294.8  29.5032 
58315.5  29.4952 
58336.2  29.4872 
58356.9  29.4791 
58377.6  29.471 
58398.3  29.4628 
58419  29.4546 
58439.7  29.4463 
58460.4  29.438 
58481.1  29.4296 
58501.8  29.4212 
58522.5  29.4127 
58543.2  29.4042 
58563.9  29.3956 
58584.6  29.387 
58605.3  29.3783 
58626  29.3695 
58646.7  29.3607 
58667.4  29.3519 
58688.2  29.3429 
58708.9  29.334 
58729.6  29.325 
58750.3  29.3159 
58771  29.3068 
58791.7  29.2977 
58812.4  29.2885 
58833.1  29.2793 
58853.8  29.27 
58874.5  29.2607 
58895.2  29.2513 
58915.9  29.2419 
58936.6  29.2325 
58957.3  29.2231 
58978  29.2136 
58998.7  29.204 
59019.4  29.1945 
59040.1  29.1849 
59060.8  29.1752 
59081.5  29.1656 
59102.3  29.1559 
59123  29.1462 
59143.7  29.1364 
59164.4  29.1267 
59185.1  29.1169 
59205.8  29.1071 
59226.5  29.0972 
59247.2  29.0874 
59267.9  29.0775 
59288.6  29.0676 
59309.3  29.0577 
59330  29.0478 
59350.7  29.0378 
59371.4  29.0279 
59392.1  29.0179 
59412.8  29.0079 
59433.5  28.9979 
59454.2  28.9879 
59474.9  28.9779 
59495.7  28.9678 
59516.4  28.9578 
59537.1  28.9477 
59557.8  28.9375 
59578.5  28.9274 
59599.2  28.9172 
59619.9  28.907 
59640.6  28.8968 
59661.3  28.8865 
59682  28.8762 
59702.7  28.8658 
59723.4  28.8554 
59744.1  28.845 
59764.8  28.8345 
59785.5  28.824 
59806.2  28.8134 
59826.9  28.8028 
59847.6  28.7921 
59868.3  28.7814 
59889.1  28.7706 
59909.8  28.7597 
59930.5  28.7488 
59951.2  28.7378 
59971.9  28.7268 
59992.6  28.7157 
60013.3  28.7045 
60034  28.6933 
60054.7  28.6819 
60075.4  28.6705 
60096.1  28.6591 
60116.8  28.6475 
60137.5  28.6359 
60158.2  28.6242 
60178.9  28.6124 
60199.6  28.6005 
60220.3  28.5885 
60241  28.5764 
60261.7  28.5643 
60282.4  28.552 
60303.2  28.5397 
60323.9  28.5272 
60344.6  28.5147 
60365.3  28.5021 
60386  28.4893 
60406.7  28.4766 
60427.4  28.4637 
60448.1  28.4508 
60468.8  28.4378 
60489.5  28.4247 
60510.2  28.4116 
60530.9  28.3985 
60551.6  28.3853 
60572.3  28.372 
60593  28.3588 
60613.7  28.3455 
60634.4  28.3322 
60655.1  28.3188 
60675.8  28.3055 
60696.6  28.2921 
60717.3  28.2788 
60738  28.2654 
60758.7  28.2521 
60779.4  28.2388 
60800.1  28.2254 
60820.8  28.2122 
60841.5  28.1989 
60862.2  28.1857 
60882.9  28.1725 
60903.6  28.1593 
60924.3  28.1462 
60945  28.1332 
60965.7  28.1202 
60986.4  28.1072 
61007.1  28.0944 
61027.8  28.0816 
61048.5  28.0689 
61069.2  28.0563 
61090  28.0437 
61110.7  28.0313 
61131.4  28.0189 
61152.1  28.0067 
61172.8  27.9945 
61193.5  27.9825 
61214.2  27.9706 
61234.9  27.9588 
61255.6  27.9471 
61276.3  27.9356 
61297  27.9241 
61317.7  27.9127 
61338.4  27.9014 
61359.1  27.8901 
61379.8  27.879 
61400.5  27.8678 
61421.2  27.8568 
61441.9  27.8458 
61462.6  27.8348 
61483.3  27.8239 
61504.1  27.813 
61524.8  27.8021 
61545.5  27.7912 
61566.2  27.7804 
61586.9  27.7695 
61607.6  27.7587 
61628.3  27.7478 
61649  27.7369 
61669.7  27.726 
61690.4  27.715 
61711.1  27.7041 
61731.8  27.693 
61752.5  27.6819 
61773.2  27.6708 
61793.9  27.6596 
61814.6  27.6483 
61835.3  27.637 
61856  27.6255 
61876.7  27.614 
61897.5  27.6024 
61918.2  27.5906 
61938.9  27.5788 
61959.6  27.5668 
61980.3  27.5547 
62001  27.5425 
62021.7  27.5302 
62042.4  27.5177 
62063.1  27.505 
62083.8  27.4922 
62104.5  27.4792 
62125.2  27.4661 
62145.9  27.4527 
62166.6  27.4393 
62187.3  27.4256 
62208  27.4118 
62228.7  27.3978 
62249.4  27.3837 
62270.1  27.3694 
62290.9  27.3549 
62311.6  27.3402 
62332.3  27.3254 
62353  27.3105 
62373.7  27.2954 
62394.4  27.2801 
62415.1  27.2647 
62435.8  27.2491 
62456.5  27.2334 
62477.2  27.2175 
62497.9  27.2014 
62518.6  27.1852 
62539.3  27.1689 
62560  27.1524 
62580.7  27.1357 
62601.4  27.1189 
62622.1  27.102 
62642.8  27.0849 
62663.5  27.0677 
62684.2  27.0503 
62705  27.0328 
62725.7  27.0151 
62746.4  26.9973 
62767.1  26.9793 
62787.8  26.9612 
62808.5  26.943 
62829.2  26.9246 
62849.9  26.9061 
62870.6  26.8875 
62891.3  26.8687 
62912  26.8498 
62932.7  26.8308 
62953.4  26.8116 
62974.1  26.7923 
62994.8  26.7729 
63015.5  26.7533 
63036.2  26.7336 
63056.9  26.7138 
63077.6  26.6939 
63098.4  26.6738 
63119.1  26.6537 
63139.8  26.6335 
63160.5  26.6132 
63181.2  26.5928 
63201.9  26.5723 
63222.6  26.5518 
63243.3  26.5312 
63264  26.5106 
63284.7  26.4899 
63305.4  26.4691 
63326.1  26.4484 
63346.8  26.4275 
63367.5  26.4067 
63388.2  26.3859 
63408.9  26.365 
63429.6  26.3441 
63450.3  26.3233 
63471  26.3024 
63491.8  26.2816 
63512.5  26.2607 
63533.2  26.2399 
63553.9  26.2191 
63574.6  26.1984 
63595.3  26.1777 
63616  26.1571 
63636.7  26.1365 
63657.4  26.116 
63678.1  26.0955 
63698.8  26.0752 
63719.5  26.0549 
63740.2  26.0347 
63760.9  26.0146 
63781.6  25.9945 
63802.3  25.9746 
63823  25.9549 
63843.7  25.9352 
63864.4  25.9156 
63885.1  25.8962 
63905.9  25.877 
63926.6  25.8578 
63947.3  25.8388 
63968  25.82 
63988.7  25.8012 
64009.4  25.7826 
64030.1  25.7641 
64050.8  25.7457 
64071.5  25.7274 
64092.2  25.7091 
64112.9  25.691 
64133.6  25.673 
64154.3  25.655 
64175  25.6371 
64195.7  25.6193 
64216.4  25.6015 
64237.1  25.5838 
64257.8  25.5661 
64278.5  25.5485 
64299.3  25.5309 
64320  25.5134 
64340.7  25.4958 
64361.4  25.4783 
64382.1  25.4608 
64402.8  25.4434 
64423.5  25.4259 
64444.2  25.4084 
64464.9  25.3909 
64485.6  25.3734 
64506.3  25.3558 
64527  25.3383 
64547.7  25.3207 
64568.4  25.303 
64589.1  25.2854 
64609.8  25.2676 
64630.5  25.2499 
64651.2  25.232 
64671.9  25.2141 
64692.7  25.1961 
64713.4  25.178 
64734.1  25.1599 
64754.8  25.1417 
64775.5  25.1233 
64796.2  25.1049 
64816.9  25.0863 
64837.6  25.0677 
64858.3  25.0489 
64879  25.0301 
64899.7  25.0111 
64920.4  24.992 
64941.1  24.9729 
64961.8  24.9536 
64982.5  24.9342 
65003.2  24.9147 
65023.9  24.8952 
65044.6  24.8755 
65065.3  24.8558 
65086  24.8359 
65106.8  24.816 
65127.5  24.796 
65148.2  24.7758 
65168.9  24.7556 
65189.6  24.7354 
65210.3  24.715 
65231  24.6945 
65251.7  24.674 
65272.4  24.6534 
65293.1  24.6327 
65313.8  24.6119 
65334.5  24.5911 
65355.2  24.5701 
65375.9  24.5491 
65396.6  24.5281 
65417.3  24.5069 
65438  24.4857 
65458.7  24.4644 
65479.4  24.4431 
65500.2  24.4217 
65520.9  24.4002 
65541.6  24.3787 
65562.3  24.3571 
65583  24.3354 
65603.7  24.3137 
65624.4  24.2919 
65645.1  24.2701 
65665.8  24.2482 
65686.5  24.2262 
65707.2  24.2042 
65727.9  24.1822 
65748.6  24.16 
65769.3  24.1379 
65790  24.1156 
65810.7  24.0933 
65831.4  24.071 
65852.1  24.0485 
65872.8  24.026 
65893.6  24.0034 
65914.3  23.9808 
65935  23.958 
65955.7  23.9352 
65976.4  23.9122 
65997.1  23.8892 
66017.8  23.8661 
66038.5  23.8429 
66059.2  23.8195 
66079.9  23.7961 
66100.6  23.7726 
66121.3  23.7489 
66142  23.7251 
66162.7  23.7012 
66183.4  23.6772 
66204.1  23.6531 
66224.8  23.6288 
66245.5  23.6044 
66266.2  23.5799 
66286.9  23.5553 
66307.7  23.5304 
66328.4  23.5055 
66349.1  23.4804 
66369.8  23.4552 
66390.5  23.4298 
66411.2  23.4042 
66431.9  23.3785 
66452.6  23.3526 
66473.3  23.3266 
66494  23.3004 
66514.7  23.274 
66535.4  23.2475 
66556.1  23.2207 
66576.8  23.1938 
66597.5  23.1667 
66618.2  23.1394 
66638.9  23.112 
66659.6  23.0844 
66680.3  23.0566 
66701.1  23.0287 
66721.8  23.0006 
66742.5  22.9724 
66763.2  22.9442 
66783.9  22.9158 
66804.6  22.8873 
66825.3  22.8588 
66846  22.8302 
66866.7  22.8015 
66887.4  22.7728 
66908.1  22.7441 
66928.8  22.7153 
66949.5  22.6866 
66970.2  22.6579 
66990.9  22.6291 
67011.6  22.6004 
67032.3  22.5718 
67053  22.5431 
67073.7  22.5146 
67094.5  22.4861 
67115.2  22.4577 
67135.9  22.4294 
67156.6  22.4012 
67177.3  22.3731 
67198  22.3452 
67218.7  22.3174 
67239.4  22.2897 
67260.1  22.2622 
67280.8  22.2349 
67301.5  22.2078 
67322.2  22.1809 
67342.9  22.1542 
67363.6  22.1277 
67384.3  22.1014 
67405  22.0754 
67425.7  22.0496 
67446.4  22.0241 
67467.1  21.9989 
67487.8  21.9739 
67508.6  21.9493 
67529.3  21.925 
67550  21.9009 
67570.7  21.8771 
67591.4  21.8536 
67612.1  21.8303 
67632.8  21.8073 
67653.5  21.7845 
67674.2  21.7618 
67694.9  21.7394 
67715.6  21.7171 
67736.3  21.695 
67757  21.6731 
67777.7  21.6512 
67798.4  21.6295 
67819.1  21.6079 
67839.8  21.5864 
67860.5  21.5649 
67881.2  21.5435 
67902  21.5222 
67922.7  21.5009 
67943.4  21.4796 
67964.1  21.4583 
67984.8  21.437 
68005.5  21.4156 
68026.2  21.3942 
68046.9  21.3728 
68067.6  21.3513 
68088.3  21.3297 
68109  21.308 
68129.7  21.2862 
68150.4  21.2643 
68171.1  21.2423 
68191.8  21.2201 
68212.5  21.1977 
68233.2  21.1751 
68253.9  21.1524 
68274.6  21.1294 
68295.4  21.1062 
68316.1  21.0828 
68336.8  21.0591 
68357.5  21.0351 
68378.2  21.0109 
68398.9  20.9864 
68419.6  20.9615 
68440.3  20.9364 
68461  20.9109 
68481.7  20.8852 
68502.4  20.8592 
68523.1  20.8329 
68543.8  20.8063 
68564.5  20.7795 
68585.2  20.7524 
68605.9  20.725 
68626.6  20.6974 
68647.3  20.6696 
68668  20.6416 
68688.7  20.6133 
68709.5  20.5848 
68730.2  20.556 
68750.9  20.5271 
68771.6  20.498 
68792.3  20.4687 
68813  20.4392 
68833.7  20.4095 
68854.4  20.3796 
68875.1  20.3496 
68895.8  20.3194 
68916.5  20.2891 
68937.2  20.2586 
68957.9  20.228 
68978.6  20.1972 
68999.3  20.1663 
69020  20.1353 
69040.7  20.1042 
69061.4  20.073 
69082.1  20.0417 
69102.9  20.0102 
69123.6  19.9787 
69144.3  19.9472 
69165  19.9155 
69185.7  19.8838 
69206.4  19.852 
69227.1  19.8201 
69247.8  19.7882 
69268.5  19.7563 
69289.2  19.7243 
69309.9  19.6924 
69330.6  19.6603 
69351.3  19.6283 
69372  19.5962 
69392.7  19.5641 
69413.4  19.5319 
69434.1  19.4996 
69454.8  19.4673 
69475.5  19.435 
69496.3  19.4026 
69517  19.3701 
69537.7  19.3375 
69558.4  19.3048 
69579.1  19.2721 
69599.8  19.2392 
69620.5  19.2063 
69641.2  19.1733 
69661.9  19.1401 
69682.6  19.1068 
69703.3  19.0734 
69724  19.0399 
69744.7  19.0063 
69765.4  18.9725 
69786.1  18.9386 
69806.8  18.9045 
69827.5  18.8703 
69848.2  18.8359 
69868.9  18.8014 
69889.6  18.7667 
69910.4  18.7318 
69931.1  18.6967 
69951.8  18.6615 
69972.5  18.6261 
69993.2  18.5905 
70013.9  18.5547 
70034.6  18.5187 
70055.3  18.4824 
70076  18.446 
70096.7  18.4093 
70117.4  18.3725 
70138.1  18.3354 
70158.8  18.298 
70179.5  18.2604 
70200.2  18.2226 
70220.9  18.1845 
70241.6  18.1463 
70262.3  18.1078 
70283  18.0691 
70303.8  18.0302 
70324.5  17.9912 
70345.2  17.9521 
70365.9  17.9129 
70386.6  17.8736 
70407.3  17.8342 
70428  17.7948 
70448.7  17.7554 
70469.4  17.716 
70490.1  17.6766 
70510.8  17.6373 
70531.5  17.598 
70552.2  17.5589 
70572.9  17.5198 
70593.6  17.4809 
70614.3  17.4421 
70635  17.4035 
70655.7  17.3651 
70676.4  17.3269 
70697.2  17.2889 
70717.9  17.2512 
70738.6  17.2138 
70759.3  17.1767 
70780  17.1399 
70800.7  17.1034 
70821.4  17.0674 
70842.1  17.0317 
70862.8  16.9964 
70883.5  16.9615 
70904.2  16.9271 
70924.9  16.8931 
70945.6  16.8597 
70966.3  16.8267 
70987  16.7943 
71007.7  16.7625 
71028.4  16.7312 
71049.1  16.7005 
71069.8  16.6704 
71090.5  16.641 
71111.3  16.6123 
71132  16.5841 
71152.7  16.5567 
71173.4  16.5298 
71194.1  16.5034 
71214.8  16.4776 
71235.5  16.4522 
71256.2  16.4274 
71276.9  16.4029 
71297.6  16.3788 
71318.3  16.3551 
71339  16.3318 
71359.7  16.3087 
71380.4  16.2859 
71401.1  16.2633 
71421.8  16.2409 
71442.5  16.2187 
71463.2  16.1966 
71483.9  16.1746 
71504.7  16.1526 
71525.4  16.1307 
71546.1  16.1088 
71566.8  16.0869 
71587.5  16.0649 
71608.2  16.0429 
71628.9  16.0206 
71649.6  15.9983 
71670.3  15.9757 
71691  15.9529 
71711.7  15.9299 
71732.4  15.9065 
71753.1  15.8828 
71773.8  15.8588 
71794.5  15.8344 
71815.2  15.8096 
71835.9  15.7843 
71856.6  15.7585 
71877.3  15.7322 
71898.1  15.7054 
71918.8  15.6779 
71939.5  15.6499 
71960.2  15.6212 
71980.9  15.5918 
72001.6  15.5617 
72022.3  15.5309 
72043  15.4994 
72063.7  15.4671 
72084.4  15.4342 
72105.1  15.4006 
72125.8  15.3663 
72146.5  15.3315 
72167.2  15.296 
72187.9  15.26 
72208.6  15.2233 
72229.3  15.1862 
72250  15.1485 
72270.7  15.1103 
72291.4  15.0717 
72312.2  15.0325 
72332.9  14.993 
72353.6  14.953 
72374.3  14.9126 
72395  14.8718 
72415.7  14.8306 
72436.4  14.7892 
72457.1  14.7473 
72477.8  14.7052 
72498.5  14.6628 
72519.2  14.6202 
72539.9  14.5773 
72560.6  14.5342 
72581.3  14.4908 
72602  14.4473 
72622.7  14.4036 
72643.4  14.3598 
72664.1  14.3159 
72684.8  14.2718 
72705.6  14.2277 
72726.3  14.1835 
72747  14.1393 
72767.7  14.095 
72788.4  14.0508 
72809.1  14.0065 
72829.8  13.9623 
72850.5  13.9182 
72871.2  13.8741 
72891.9  13.8301 
72912.6  13.7863 
72933.3  13.7425 
72954  13.6989 
72974.7  13.6554 
72995.4  13.612 
73016.1  13.5688 
73036.8  13.5257 
73057.5  13.4826 
73078.2  13.4397 
73099  13.3969 
73119.7  13.3542 
73140.4  13.3117 
73161.1  13.2692 
73181.8  13.2268 
73202.5  13.1846 
73223.2  13.1424 
73243.9  13.1004 
73264.6  13.0584 
73285.3  13.0166 
73306  12.9748 
73326.7  12.9332 
73347.4  12.8916 
73368.1  12.8502 
73388.8  12.8088 
73409.5  12.7675 
73430.2  12.7263 
73450.9  12.6852 
73471.6  12.6442 
73492.3  12.6033 
73513.1  12.5625 
73533.8  12.5217 
73554.5  12.481 
73575.2  12.4404 
73595.9  12.3999 
73616.6  12.3595 
73637.3  12.3191 
73658  12.2788 
73678.7  12.2386 
73699.4  12.1985 
73720.1  12.1584 
73740.8  12.1184 
73761.5  12.0785 
73782.2  12.0386 
73802.9  11.9988 
73823.6  11.959 
73844.3  11.9193 
73865  11.8797 
73885.7  11.8401 
73906.5  11.8006 
73927.2  11.761 
73947.9  11.7216 
73968.6  11.6821 
73989.3  11.6426 
74010  11.6032 
74030.7  11.5637 
74051.4  11.5243 
74072.1  11.4848 
74092.8  11.4454 
74113.5  11.4059 
74134.2  11.3663 
74154.9  11.3268 
74175.6  11.2872 
74196.3  11.2476 
74217  11.2079 
74237.7  11.1681 
74258.4  11.1283 
74279.1  11.0885 
74299.9  11.0485 
74320.6  11.0085 
74341.3  10.9684 
74362  10.9282 
74382.7  10.8878 
74403.4  10.8474 
74424.1  10.8069 
74444.8  10.7663 
74465.5  10.7255 
74486.2  10.6846 
74506.9  10.6436 
74527.6  10.6024 
74548.3  10.5611 
74569  10.5197 
74589.7  10.478 
74610.4  10.4363 
74631.1  10.3943 
74651.8  10.3522 
74672.5  10.3098 
74693.2  10.2673 
74714  10.2246 
74734.7  10.1818 
74755.4  10.1387 
74776.1  10.0954 
74796.8  10.0519 
74817.5  10.0082 
74838.2  9.96434 
74858.9  9.92026 
74879.6  9.87599 
74900.3  9.83151 
74921  9.78684 
74941.7  9.74197 
74962.4  9.6969 
74983.1  9.65163 
75003.8  9.60615 
75024.5  9.56048 
75045.2  9.51461 
75065.9  9.46853 
75086.6  9.42225 
75107.4  9.37577 
75128.1  9.32909 
75148.8  9.28221 
75169.5  9.23512 
75190.2  9.18783 
75210.9  9.14034 
75231.6  9.09264 
75252.3  9.04474 
75273  8.99663 
75293.7  8.94832 
75314.4  8.89981 
75335.1  8.85109 
75355.8  8.80216 
75376.5  8.75303 
75397.2  8.70369 
75417.9  8.65414 
75438.6  8.60439 
75459.3  8.55443 
75480  8.50426 
75500.8  8.45389 
75521.5  8.4033 
75542.2  8.35251 
75562.9  8.30151 
75583.6  8.2503 
75604.3  8.19888 
75625  8.14725 
75645.7  8.09543 
75666.4  8.04342 
75687.1  7.99123 
75707.8  7.93888 
75728.5  7.88636 
75749.2  7.83371 
75769.9  7.78091 
75790.6  7.72799 
75811.3  7.67495 
75832  7.62181 
75852.7  7.56858 
75873.4  7.51525 
75894.1  7.46186 
75914.9  7.40839 
75935.6  7.35488 
75956.3  7.30131 
75977  7.24772 
75997.7  7.1941 
76018.4  7.14047 
76039.1  7.08683 
76059.8  7.0332 
76080.5  6.97958 
76101.2  6.926 
76121.9  6.87245 
76142.6  6.81894 
76163.3  6.7655 
76184  6.71212 
76204.7  6.65882 
76225.4  6.60561 
76246.1  6.5525 
76266.8  6.49949 
76287.5  6.44661 
76308.3  6.39385 
76329  6.34123 
76349.7  6.28876 
76370.4  6.23646 
76391.1  6.18432 
76411.8  6.13236 
76432.5  6.08059 
76453.2  6.02902 
76473.9  5.97766 
76494.6  5.92652 
76515.3  5.87562 
76536  5.82494 
76556.7  5.7745 
76577.4  5.7243 
76598.1  5.67433 
76618.8  5.6246 
76639.5  5.57511 
76660.2  5.52585 
76680.9  5.47683 
76701.7  5.42805 
76722.4  5.37951 
76743.1  5.3312 
76763.8  5.28314 
76784.5  5.23532 
76805.2  5.18774 
76825.9  5.1404 
76846.6  5.09331 
76867.3  5.04646 
76888  4.99985 
76908.7  4.95349 
76929.4  4.90737 
76950.1  4.86149 
76970.8  4.81586 
76991.5  4.77048 
77012.2  4.72535 
77032.9  4.68046 
77053.6  4.63582 
77074.3  4.59144 
77095  4.5473 
77115.8  4.50341 
77136.5  4.45977 
77157.2  4.41638 
77177.9  4.37324 
77198.6  4.33036 
77219.3  4.28772 
77240  4.24535 
77260.7  4.20322 
77281.4  4.16135 
77302.1  4.11974 
77322.8  4.07838 
77343.5  4.03728 
77364.2  3.99643 
77384.9  3.95584 
77405.6  3.91551 
77426.3  3.87544 
77447  3.83562 
77467.7  3.79606 
77488.4  3.75674 
77509.2  3.71767 
77529.9  3.67885 
77550.6  3.64027 
77571.3  3.60193 
77592  3.56383 
77612.7  3.52596 
77633.4  3.48832 
77654.1  3.45092 
77674.8  3.41374 
77695.5  3.37679 
77716.2  3.34006 
77736.9  3.30354 
77757.6  3.26725 
77778.3  3.23117 
77799  3.1953 
77819.7  3.15964 
77840.4  3.12419 
77861.1  3.08895 
77881.8  3.0539 
77902.6  3.01906 
77923.3  2.98441 
77944  2.94995 
77964.7  2.91569 
77985.4  2.88162 
78006.1  2.84773 
78026.8  2.81403 
78047.5  2.78051 
78068.2  2.74717 
78088.9  2.714 
78109.6  2.68101 
78130.3  2.6482 
78151  2.61555 
78171.7  2.58306 
78192.4  2.55074 
78213.1  2.51859 
78233.8  2.48659 
78254.5  2.45475 
78275.2  2.42306 
78295.9  2.39152 
78316.7  2.36013 
78337.4  2.32889 
78358.1  2.29781 
78378.8  2.26689 
78399.5  2.23613 
78420.2  2.20553 
78440.9  2.17511 
78461.6  2.14486 
78482.3  2.11478 
78503  2.08489 
78523.7  2.05518 
78544.4  2.02565 
78565.1  1.99632 
78585.8  1.96719 
78606.5  1.93825 
78627.2  1.90952 
78647.9  1.88099 
78668.6  1.85267 
78689.3  1.82457 
78710.1  1.79668 
78730.8  1.76902 
78751.5  1.74158 
78772.2  1.71436 
78792.9  1.68738 
78813.6  1.66064 
78834.3  1.63413 
78855  1.60787 
78875.7  1.58186 
78896.4  1.55609 
78917.1  1.53058 
78937.8  1.50533 
78958.5  1.48033 
78979.2  1.45561 
78999.9  1.43115 
79020.6  1.40696 
79041.3  1.38305 
79062  1.35942 
79082.7  1.33608 
79103.5  1.31302 
79124.2  1.29025 
79144.9  1.26777 
79165.6  1.2456 
79186.3  1.22372 
79207  1.20215 
79227.7  1.18089 
79248.4  1.15993 
79269.1  1.13928 
79289.8  1.11891 
79310.5  1.09885 
79331.2  1.07908 
79351.9  1.05959 
79372.6  1.04039 
79393.3  1.02147 
79414  1.00283 
79434.7  0.984472 
79455.4  0.966383 
79476.1  0.948565 
79496.8  0.931013 
79517.6  0.913726 
79538.3  0.8967 
79559  0.879931 
79579.7  0.863418 
79600.4  0.847156 
79621.1  0.831143 
79641.8  0.815376 
79662.5  0.799851 
79683.2  0.784566 
79703.9  0.769518 
79724.6  0.754703 
79745.3  0.740118 
79766  0.725761 
79786.7  0.711628 
79807.4  0.697717 
79828.1  0.684023 
79848.8  0.670545 
79869.5  0.657279 
79890.2  0.644222 
79911  0.631371 
79931.7  0.618722 
79952.4  0.606274 
79973.1  0.594022 
79993.8  0.581965 
80014.5  0.570097 
80035.2  0.558418 
80055.9  0.546923 
80076.6  0.535609 
80097.3  0.524474 
80118  0.513515 
80138.7  0.502729 
80159.4  0.492115 
80180.1  0.481672 
80200.8  0.471398 
80221.5  0.461291 
80242.2  0.45135 
80262.9  0.441573 
80283.6  0.431959 
80304.4  0.422506 
80325.1  0.413212 
80345.8  0.404077 
80366.5  0.395098 
80387.2  0.386273 
80407.9  0.377603 
80428.6  0.369083 
80449.3  0.360714 
80470  0.352494 
80490.7  0.34442 
80511.4  0.336493 
80532.1  0.328708 
80552.8  0.321067 
80573.5  0.313566 
80594.2  0.306204 
80614.9  0.29898 
80635.6  0.291892 
80656.3  0.284939 
80677  0.278118 
80697.7  0.271429 
80718.5  0.26487 
80739.2  0.258439 
80759.9  0.252135 
80780.6  0.245955 
80801.3  0.2399 
80822  0.233966 
80842.7  0.228153 
80863.4  0.222459 
80884.1  0.216882 
80904.8  0.21142 
80925.5  0.206073 
80946.2  0.200839 
80966.9  0.195715 
80987.6  0.190701 
81008.3  0.185795 
81029  0.180995 
81049.7  0.176301 
81070.4  0.171709 
81091.1  0.167219 
81111.9  0.162829 
81132.6  0.158538 
81153.3  0.154343 
81174  0.150245 
81194.7  0.14624 
81215.4  0.142327 
81236.1  0.138505 
81256.8  0.134773 
81277.5  0.131128 
81298.2  0.127569 
81318.9  0.124095 
81339.6  0.120704 
81360.3  0.117394 
81381  0.114164 
81401.7  0.111013 
81422.4  0.107938 
81443.1  0.104938 
81463.8  0.102012 
81484.5  0.0991586 
81505.3  0.0963753 
81526  0.0936611 
81546.7  0.0910142 
81567.4  0.0884333 
81588.1  0.0859167 
81608.8  0.0834628 
81629.5  0.0810701 
81650.2  0.0787371 
81670.9  0.0764622 
81691.6  0.0742438 
81712.3  0.0720804 
81733  0.0699704 
81753.7  0.0679123 
81774.4  0.0659045 
81795.1  0.0639454 
81815.8  0.0620335 
81836.5  0.0601673 
81857.2  0.0583452 
81877.9  0.0565655 
81898.6  0.0548268 
81919.4  0.0531277 
81940.1  0.0514675 
81960.8  0.0498456 
81981.5  0.0482615 
82002.2  0.0467148 
82022.9  0.045205 
82043.6  0.0437316 
82064.3  0.0422941 
82085  0.040892 
82105.7  0.0395248 
82126.4  0.0381921 
82147.1  0.0368933 
82167.8  0.0356279 
82188.5  0.0343954 
82209.2  0.0331954 
82229.9  0.0320274 
82250.6  0.0308909 
82271.3  0.0297853 
82292  0.0287102 
82312.8  0.0276651 
82333.5  0.0266496 
82354.2  0.025663 
82374.9  0.024705 
82395.6  0.023775 
82416.3  0.0228725 
82437  0.0219971 
82457.7  0.0211483 
82478.4  0.0203255 
82499.1  0.0195283 
82519.8  0.0187562 
82540.5  0.0180086 
82561.2  0.0172852 
82581.9  0.0165853 
82602.6  0.0159086 
82623.3  0.0152545 
82644  0.0146226 
82664.7  0.0140123 
82685.4  0.0134231 
82706.2  0.0128546 
82726.9  0.0123062 
82747.6  0.0117776 
82768.3  0.0112681 
82789  0.0107773 
82809.7  0.0103047 
82830.4  0.00984984 
82851.1  0.00941232 
82871.8  0.00899173 
82892.5  0.00858764 
82913.2  0.00819965 
82933.9  0.00782733 
82954.6  0.00747029 
82975.3  0.0071281 
82996  0.00680036 
83016.7  0.00648665 
83037.4  0.00618655 
83058.1  0.00589966 
83078.8  0.00562557 
83099.5  0.00536385 
83120.3  0.0051141 
83141  0.00487591 
83161.7  0.00464886 
83182.4  0.00443254 
83203.1  0.00422653 
83223.8  0.00403043 
83244.5  0.00384383 
83265.2  0.0036663 
83285.9  0.00349743 
83306.6  0.00333682 
83327.3  0.00318405 
83348  0.00303871 
83368.7  0.00290039 
83389.4  0.00276866 
83410.1  0.00264313 
83430.8  0.00252338 
83451.5  0.00240898 
83472.2  0.00229955 
83492.9  0.00219465 
83513.7  0.00209387 
83534.4  0.00199682 
83555.1  0.00190306 
83575.8  0.00181219 
83596.5  0.0017238 
83617.2  0.00163747 
83637.9  0.00155279 
83658.6  0.00146935 
83679.3  0.00138674 
83700  0.00130454 
