100  2.5976 
200  2.5976 
500  2.5976 
1000  2.5976 
2000  2.5976 
3000  2.5976 
4000  2.5976 
5000  2.5976 
6000  2.5976 
8000  2.5976 
10000  2.5976 
10177.5  2.59797 
10355.1  2.59833 
10532.6  2.5987 
10710.2  2.59906 
10887.7  2.59943 
11065.3  2.59979 
11242.8  2.60015 
11420.4  2.60052 
11597.9  2.60088 
11775.4  2.60125 
11953  2.60161 
12130.5  2.60197 
12308.1  2.60234 
12485.6  2.6027 
12663.2  2.60306 
12840.7  2.60342 
13018.3  2.60379 
13195.8  2.60415 
13373.3  2.60451 
13550.9  2.60487 
13728.4  2.60523 
13906  2.60559 
14083.5  2.60595 
14261.1  2.60631 
14438.6  2.60667 
14616.2  2.60703 
14793.7  2.60738 
14971.2  2.60774 
15148.8  2.6081 
15326.3  2.60845 
15503.9  2.60881 
15681.4  2.60916 
15859  2.60952 
16036.5  2.60987 
16214.1  2.61022 
16391.6  2.61057 
16569.1  2.61093 
16746.7  2.61128 
16924.2  2.61163 
17101.8  2.61197 
17279.3  2.61232 
17456.9  2.61267 
17634.4  2.61302 
17812  2.61336 
17989.5  2.61371 
18167  2.61405 
18344.6  2.61439 
18522.1  2.61473 
18699.7  2.61507 
18877.2  2.61541 
19054.8  2.61575 
19232.3  2.61609 
19409.9  2.61643 
19587.4  2.61676 
19764.9  2.6171 
19942.5  2.61743 
20120  2.61776 
20297.6  2.61809 
20475.1  2.61842 
20652.7  2.61875 
20830.2  2.61908 
21007.8  2.61941 
21185.3  2.61973 
21362.8  2.62005 
21540.4  2.62038 
21717.9  2.6207 
21895.5  2.62101 
22073  2.62133 
22250.6  2.62165 
22428.1  2.62196 
22605.7  2.62227 
22783.2  2.62258 
22960.7  2.62289 
23138.3  2.62319 
23315.8  2.6235 
23493.4  2.6238 
23670.9  2.6241 
23848.5  2.6244 
24026  2.62469 
24203.6  2.62499 
24381.1  2.62528 
24558.6  2.62557 
24736.2  2.62586 
24913.7  2.62614 
25091.3  2.62642 
25268.8  2.6267 
25446.4  2.62698 
25623.9  2.62725 
25801.5  2.62753 
25979  2.6278 
26156.5  2.62806 
26334.1  2.62833 
26511.6  2.62859 
26689.2  2.62885 
26866.7  2.6291 
27044.3  2.62935 
27221.8  2.6296 
27399.3  2.62985 
27576.9  2.63009 
27754.4  2.63034 
27932  2.63057 
28109.5  2.63081 
28287.1  2.63104 
28464.6  2.63127 
28642.2  2.63149 
28819.7  2.63171 
28997.2  2.63193 
29174.8  2.63214 
29352.3  2.63236 
29529.9  2.63256 
29707.4  2.63277 
29885  2.63297 
30062.5  2.63316 
30240.1  2.63336 
30417.6  2.63354 
30595.1  2.63373 
30772.7  2.63391 
30950.2  2.63409 
31127.8  2.63427 
31305.3  2.63444 
31482.9  2.6346 
31660.4  2.63477 
31838  2.63493 
32015.5  2.63509 
32193  2.63524 
32370.6  2.63539 
32548.1  2.63554 
32725.7  2.63569 
32903.2  2.63583 
33080.8  2.63597 
33258.3  2.6361 
33435.9  2.63624 
33613.4  2.63637 
33790.9  2.63649 
33968.5  2.63662 
34146  2.63674 
34323.6  2.63686 
34501.1  2.63697 
34678.7  2.63708 
34856.2  2.63719 
35033.8  2.6373 
35211.3  2.6374 
35388.8  2.63751 
35566.4  2.6376 
35743.9  2.6377 
35921.5  2.6378 
36099  2.63789 
36276.6  2.63798 
36454.1  2.63806 
36631.7  2.63815 
36809.2  2.63823 
36986.7  2.63831 
37164.3  2.63839 
37341.8  2.63846 
37519.4  2.63853 
37696.9  2.6386 
37874.5  2.63867 
38052  2.63874 
38229.6  2.6388 
38407.1  2.63887 
38584.6  2.63893 
38762.2  2.63899 
38939.7  2.63904 
39117.3  2.6391 
39294.8  2.63915 
39472.4  2.6392 
39649.9  2.63925 
39827.5  2.6393 
40005  2.63935 
40182.5  2.63939 
40360.1  2.63943 
40537.6  2.63947 
40715.2  2.63951 
40892.7  2.63955 
41070.3  2.63959 
41247.8  2.63963 
41425.4  2.63967 
41602.9  2.6397 
41780.4  2.63974 
41958  2.63977 
42135.5  2.63981 
42313.1  2.63984 
42490.6  2.63987 
42668.2  2.63991 
42845.7  2.63994 
43023.3  2.63998 
43200.8  2.64001 
43378.3  2.64005 
43555.9  2.64009 
43733.4  2.64012 
43911  2.64016 
44088.5  2.6402 
44266.1  2.64024 
44443.6  2.64028 
44621.2  2.64033 
44798.7  2.64037 
44976.2  2.64042 
45153.8  2.64047 
45331.3  2.64052 
45508.9  2.64057 
45686.4  2.64063 
45864  2.64068 
46041.5  2.64074 
46219.1  2.6408 
46396.6  2.64087 
46574.1  2.64094 
46751.7  2.64101 
46929.2  2.64108 
47106.8  2.64116 
47284.3  2.64124 
47461.9  2.64132 
47639.4  2.64141 
47817  2.6415 
47994.5  2.64159 
48172  2.64169 
48349.6  2.64179 
48527.1  2.6419 
48704.7  2.64201 
48882.2  2.64212 
49059.8  2.64224 
49237.3  2.64237 
49414.9  2.6425 
49592.4  2.64263 
49769.9  2.64277 
49947.5  2.64291 
50125  2.64306 
50302.6  2.64322 
50480.1  2.64338 
50657.7  2.64354 
50835.2  2.64371 
51012.8  2.64389 
51190.3  2.64407 
51367.8  2.64426 
51545.4  2.64446 
51722.9  2.64465 
51900.5  2.64486 
52078  2.64507 
52255.6  2.64529 
52433.1  2.64551 
52610.7  2.64574 
52788.2  2.64598 
52965.7  2.64622 
53143.3  2.64647 
53320.8  2.64672 
53498.4  2.64698 
53675.9  2.64725 
53853.5  2.64752 
54031  2.6478 
54208.6  2.64809 
54386.1  2.64838 
54563.6  2.64868 
54741.2  2.64899 
54918.7  2.64931 
55096.3  2.64963 
55273.8  2.64995 
55451.4  2.65029 
55628.9  2.65063 
55806.5  2.65098 
55984  2.65134 
56161.5  2.6517 
56339.1  2.65207 
56516.6  2.65245 
56694.2  2.65284 
56871.7  2.65323 
57049.3  2.65363 
57226.8  2.65404 
57404.4  2.65445 
57581.9  2.65488 
57759.4  2.65531 
57937  2.65575 
58114.5  2.6562 
58292.1  2.65665 
58469.6  2.65712 
58647.2  2.65759 
58824.7  2.65807 
59002.3  2.65855 
59179.8  2.65905 
59357.3  2.65956 
59534.9  2.66007 
59712.4  2.66059 
59890  2.66112 
60067.5  2.66166 
60245.1  2.6622 
60422.6  2.66276 
60600.2  2.66332 
60777.7  2.66389 
60955.2  2.66447 
61132.8  2.66506 
61310.3  2.66565 
61487.9  2.66625 
61665.4  2.66686 
61843  2.66747 
62020.5  2.66809 
62198  2.66872 
62375.6  2.66935 
62553.1  2.66999 
62730.7  2.67063 
62908.2  2.67128 
63085.8  2.67194 
63263.3  2.6726 
63440.9  2.67326 
63618.4  2.67393 
63795.9  2.6746 
63973.5  2.67528 
64151  2.67596 
64328.6  2.67665 
64506.1  2.67733 
64683.7  2.67802 
64861.2  2.67872 
65038.8  2.67942 
65216.3  2.68012 
65393.8  2.68082 
65571.4  2.68152 
65748.9  2.68223 
65926.5  2.68294 
66104  2.68365 
66281.6  2.68436 
66459.1  2.68507 
66636.7  2.68579 
66814.2  2.6865 
66991.7  2.68722 
67169.3  2.68793 
67346.8  2.68865 
67524.4  2.68937 
67701.9  2.69008 
67879.5  2.6908 
68057  2.69151 
68234.6  2.69222 
68412.1  2.69294 
68589.6  2.69365 
68767.2  2.69436 
68944.7  2.69507 
69122.3  2.69577 
69299.8  2.69647 
69477.4  2.69718 
69654.9  2.69788 
69832.5  2.69857 
70010  2.69926 
70187.5  2.69995 
70365.1  2.70064 
70542.6  2.70132 
70720.2  2.702 
70897.7  2.70268 
71075.3  2.70335 
71252.8  2.70402 
71430.4  2.70469 
71607.9  2.70535 
71785.4  2.706 
71963  2.70665 
72140.5  2.7073 
72318.1  2.70794 
72495.6  2.70858 
72673.2  2.70922 
72850.7  2.70984 
73028.3  2.71047 
73205.8  2.71108 
73383.3  2.7117 
73560.9  2.7123 
73738.4  2.71291 
73916  2.7135 
74093.5  2.71409 
74271.1  2.71468 
74448.6  2.71526 
74626.2  2.71583 
74803.7  2.71639 
74981.2  2.71695 
75158.8  2.71751 
75336.3  2.71805 
75513.9  2.71859 
75691.4  2.71913 
75869  2.71965 
76046.5  2.72017 
76224.1  2.72068 
76401.6  2.72119 
76579.1  2.72168 
76756.7  2.72217 
76934.2  2.72266 
77111.8  2.72313 
77289.3  2.7236 
77466.9  2.72405 
77644.4  2.7245 
77822  2.72495 
77999.5  2.72538 
78177  2.7258 
78354.6  2.72622 
78532.1  2.72663 
78709.7  2.72703 
78887.2  2.72742 
79064.8  2.7278 
79242.3  2.72817 
79419.9  2.72853 
79597.4  2.72888 
79774.9  2.72923 
79952.5  2.72956 
80130  2.72988 
80307.6  2.7302 
80485.1  2.7305 
80662.7  2.7308 
80840.2  2.73108 
81017.8  2.73136 
81195.3  2.73162 
81372.8  2.73188 
81550.4  2.73213 
81727.9  2.73237 
81905.5  2.7326 
82083  2.73282 
82260.6  2.73303 
82438.1  2.73324 
82615.7  2.73343 
82793.2  2.73362 
82970.7  2.7338 
83148.3  2.73397 
83325.8  2.73413 
83503.4  2.73429 
83680.9  2.73444 
83858.5  2.73458 
84036  2.73471 
84213.6  2.73483 
84391.1  2.73495 
84568.6  2.73506 
84746.2  2.73516 
84923.7  2.73525 
85101.3  2.73534 
85278.8  2.73542 
85456.4  2.73549 
85633.9  2.73556 
85811.5  2.73562 
85989  2.73567 
86166.5  2.73572 
86344.1  2.73576 
86521.6  2.73579 
86699.2  2.73582 
86876.7  2.73584 
87054.3  2.73585 
87231.8  2.73586 
87409.4  2.73586 
87586.9  2.73586 
87764.4  2.73585 
87942  2.73584 
88119.5  2.73582 
88297.1  2.73579 
88474.6  2.73576 
88652.2  2.73573 
88829.7  2.73569 
89007.3  2.73564 
89184.8  2.73559 
89362.3  2.73554 
89539.9  2.73548 
89717.4  2.73541 
89895  2.73534 
90072.5  2.73527 
90250.1  2.73519 
90427.6  2.73511 
90605.2  2.73502 
90782.7  2.73493 
90960.2  2.73484 
91137.8  2.73475 
91315.3  2.73465 
91492.9  2.73455 
91670.4  2.73444 
91848  2.73434 
92025.5  2.73423 
92203.1  2.73412 
92380.6  2.73401 
92558.1  2.7339 
92735.7  2.73379 
92913.2  2.73367 
93090.8  2.73356 
93268.3  2.73345 
93445.9  2.73333 
93623.4  2.73322 
93801  2.73311 
93978.5  2.733 
94156  2.73288 
94333.6  2.73278 
94511.1  2.73267 
94688.7  2.73256 
94866.2  2.73246 
95043.8  2.73236 
95221.3  2.73226 
95398.8  2.73216 
95576.4  2.73207 
95753.9  2.73198 
95931.5  2.73189 
96109  2.73181 
96286.6  2.73173 
96464.1  2.73165 
96641.7  2.73158 
96819.2  2.73152 
96996.7  2.73146 
97174.3  2.7314 
97351.8  2.73135 
97529.4  2.73131 
97706.9  2.73127 
97884.5  2.73124 
98062  2.73121 
98239.6  2.73119 
98417.1  2.73118 
98594.6  2.73117 
98772.2  2.73117 
98949.7  2.73118 
99127.3  2.7312 
99304.8  2.73123 
99482.4  2.73126 
99659.9  2.7313 
99837.5  2.73135 
100015  2.73142 
100193  2.73148 
100370  2.73156 
100548  2.73165 
100725  2.73175 
100903  2.73185 
101080  2.73197 
101258  2.73209 
101435  2.73222 
101613  2.73236 
101790  2.7325 
101968  2.73266 
102146  2.73282 
102323  2.73299 
102501  2.73317 
102678  2.73335 
102856  2.73354 
103033  2.73374 
103211  2.73394 
103388  2.73415 
103566  2.73437 
103743  2.7346 
103921  2.73483 
104099  2.73506 
104276  2.7353 
104454  2.73555 
104631  2.7358 
104809  2.73606 
104986  2.73633 
105164  2.73659 
105341  2.73687 
105519  2.73715 
105696  2.73743 
105874  2.73772 
106052  2.73801 
106229  2.73831 
106407  2.73861 
106584  2.73891 
106762  2.73922 
106939  2.73953 
107117  2.73984 
107294  2.74016 
107472  2.74048 
107649  2.74081 
107827  2.74114 
108005  2.74147 
108182  2.7418 
108360  2.74213 
108537  2.74247 
108715  2.74281 
108892  2.74315 
109070  2.7435 
109247  2.74384 
109425  2.74419 
109602  2.74453 
109780  2.74488 
109957  2.74523 
110135  2.74558 
110313  2.74594 
110490  2.74629 
110668  2.74664 
110845  2.747 
111023  2.74735 
111200  2.74771 
111378  2.74807 
111555  2.74843 
111733  2.74879 
111910  2.74915 
112088  2.74952 
112266  2.74988 
112443  2.75025 
112621  2.75062 
112798  2.75099 
112976  2.75136 
113153  2.75173 
113331  2.75211 
113508  2.75249 
113686  2.75287 
113863  2.75325 
114041  2.75363 
114219  2.75402 
114396  2.7544 
114574  2.75479 
114751  2.75518 
114929  2.75558 
115106  2.75597 
115284  2.75637 
115461  2.75677 
115639  2.75718 
115816  2.75758 
115994  2.75799 
116172  2.7584 
116349  2.75882 
116527  2.75923 
116704  2.75965 
116882  2.76007 
117059  2.7605 
117237  2.76093 
117414  2.76136 
117592  2.76179 
117769  2.76223 
117947  2.76267 
118125  2.76311 
118302  2.76356 
118480  2.76401 
118657  2.76446 
118835  2.76491 
119012  2.76537 
119190  2.76584 
119367  2.7663 
119545  2.76677 
119722  2.76725 
119900  2.76773 
120078  2.76821 
120255  2.76869 
120433  2.76918 
120610  2.76967 
120788  2.77017 
120965  2.77067 
121143  2.77117 
121320  2.77167 
121498  2.77218 
121675  2.77269 
121853  2.7732 
122031  2.77371 
122208  2.77423 
122386  2.77475 
122563  2.77527 
122741  2.77579 
122918  2.77631 
123096  2.77684 
123273  2.77736 
123451  2.77789 
123628  2.77842 
123806  2.77895 
123983  2.77948 
124161  2.78001 
124339  2.78054 
124516  2.78107 
124694  2.7816 
124871  2.78213 
125049  2.78266 
125226  2.78319 
125404  2.78372 
125581  2.78425 
125759  2.78478 
125936  2.78531 
126114  2.78583 
126292  2.78636 
126469  2.78688 
126647  2.7874 
126824  2.78793 
127002  2.78845 
127179  2.78896 
127357  2.78948 
127534  2.78999 
127712  2.7905 
127889  2.79101 
128067  2.79152 
128245  2.79202 
128422  2.79252 
128600  2.79302 
128777  2.79351 
128955  2.794 
129132  2.79449 
129310  2.79497 
129487  2.79545 
129665  2.79593 
129842  2.7964 
130020  2.79687 
130198  2.79733 
130375  2.79779 
130553  2.79825 
130730  2.7987 
130908  2.79915 
131085  2.79959 
131263  2.80003 
131440  2.80047 
131618  2.80091 
131795  2.80134 
131973  2.80177 
132151  2.8022 
132328  2.80262 
132506  2.80305 
132683  2.80347 
132861  2.80389 
133038  2.80431 
133216  2.80473 
133393  2.80514 
133571  2.80556 
133748  2.80597 
133926  2.80639 
134104  2.8068 
134281  2.80722 
134459  2.80763 
134636  2.80804 
134814  2.80846 
134991  2.80887 
135169  2.80929 
135346  2.8097 
135524  2.81012 
135701  2.81054 
135879  2.81096 
136057  2.81138 
136234  2.8118 
136412  2.81223 
136589  2.81266 
136767  2.81309 
136944  2.81352 
137122  2.81395 
137299  2.81439 
137477  2.81483 
137654  2.81527 
137832  2.81572 
138010  2.81617 
138187  2.81662 
138365  2.81708 
138542  2.81754 
138720  2.81801 
138897  2.81848 
139075  2.81895 
139252  2.81943 
139430  2.81992 
139607  2.82041 
139785  2.8209 
139962  2.8214 
140140  2.82191 
140318  2.82242 
140495  2.82294 
140673  2.82346 
140850  2.82398 
141028  2.82451 
141205  2.82505 
141383  2.82559 
141560  2.82613 
141738  2.82668 
141915  2.82723 
142093  2.82779 
142271  2.82835 
142448  2.82891 
142626  2.82947 
142803  2.83004 
142981  2.8306 
143158  2.83117 
143336  2.83175 
143513  2.83232 
143691  2.83289 
143868  2.83347 
144046  2.83405 
144224  2.83463 
144401  2.83521 
144579  2.83579 
144756  2.83637 
144934  2.83694 
145111  2.83752 
145289  2.8381 
145466  2.83868 
145644  2.83926 
145821  2.83983 
145999  2.84041 
146177  2.84098 
146354  2.84155 
146532  2.84212 
146709  2.84269 
146887  2.84326 
147064  2.84382 
147242  2.84438 
147419  2.84493 
147597  2.84549 
147774  2.84604 
147952  2.84658 
148130  2.84713 
148307  2.84767 
148485  2.8482 
148662  2.84873 
148840  2.84925 
149017  2.84977 
149195  2.85029 
149372  2.8508 
149550  2.8513 
149727  2.8518 
149905  2.85229 
150083  2.85278 
150260  2.85326 
150438  2.85373 
150615  2.8542 
150793  2.85466 
150970  2.85512 
151148  2.85557 
151325  2.85601 
151503  2.85646 
151680  2.85689 
151858  2.85732 
152036  2.85775 
152213  2.85817 
152391  2.85859 
152568  2.85901 
152746  2.85942 
152923  2.85983 
153101  2.86023 
153278  2.86064 
153456  2.86103 
153633  2.86143 
153811  2.86182 
153988  2.86221 
154166  2.8626 
154344  2.86299 
154521  2.86337 
154699  2.86376 
154876  2.86414 
155054  2.86452 
155231  2.8649 
155409  2.86528 
155586  2.86565 
155764  2.86603 
155941  2.86641 
156119  2.86678 
156297  2.86716 
156474  2.86753 
156652  2.86791 
156829  2.86829 
157007  2.86867 
157184  2.86904 
157362  2.86942 
157539  2.86981 
157717  2.87019 
157894  2.87057 
158072  2.87096 
158250  2.87135 
158427  2.87174 
158605  2.87213 
158782  2.87252 
158960  2.87292 
159137  2.87332 
159315  2.87372 
159492  2.87413 
159670  2.87454 
159847  2.87495 
160025  2.87537 
160203  2.87579 
160380  2.87622 
160558  2.87664 
160735  2.87708 
160913  2.87751 
161090  2.87795 
161268  2.87839 
161445  2.87883 
161623  2.87928 
161800  2.87972 
161978  2.88017 
162156  2.88062 
162333  2.88107 
162511  2.88152 
162688  2.88198 
162866  2.88243 
163043  2.88289 
163221  2.88334 
163398  2.8838 
163576  2.88425 
163753  2.8847 
163931  2.88516 
164109  2.88561 
164286  2.88606 
164464  2.88651 
164641  2.88696 
164819  2.88741 
164996  2.88785 
165174  2.8883 
165351  2.88874 
165529  2.88917 
165706  2.88961 
165884  2.89004 
166062  2.89047 
166239  2.8909 
166417  2.89132 
166594  2.89174 
166772  2.89215 
166949  2.89256 
167127  2.89297 
167304  2.89337 
167482  2.89376 
167659  2.89415 
167837  2.89454 
168015  2.89492 
168192  2.89529 
168370  2.89566 
168547  2.89602 
168725  2.89637 
168902  2.89672 
169080  2.89706 
169257  2.8974 
169435  2.89773 
169612  2.89804 
169790  2.89836 
169967  2.89866 
170145  2.89896 
170323  2.89924 
170500  2.89952 
170678  2.89979 
170855  2.90006 
171033  2.90032 
171210  2.90057 
171388  2.90081 
171565  2.90105 
171743  2.90128 
171920  2.90151 
172098  2.90173 
172276  2.90194 
172453  2.90215 
172631  2.90235 
172808  2.90255 
172986  2.90275 
173163  2.90293 
173341  2.90312 
173518  2.9033 
173696  2.90348 
173873  2.90365 
174051  2.90382 
174229  2.90399 
174406  2.90416 
174584  2.90432 
174761  2.90448 
174939  2.90464 
175116  2.90479 
175294  2.90495 
175471  2.9051 
175649  2.90525 
175826  2.9054 
176004  2.90555 
176182  2.9057 
176359  2.90585 
176537  2.90599 
176714  2.90614 
176892  2.90629 
177069  2.90644 
177247  2.90659 
177424  2.90674 
177602  2.90689 
177779  2.90704 
177957  2.9072 
178135  2.90736 
178312  2.90752 
178490  2.90768 
178667  2.90784 
178845  2.90801 
179022  2.90818 
179200  2.90835 
179377  2.90853 
179555  2.90871 
179732  2.90889 
179910  2.90908 
180088  2.90927 
180265  2.90947 
180443  2.90967 
180620  2.90987 
180798  2.91008 
180975  2.9103 
181153  2.91051 
181330  2.91074 
181508  2.91096 
181685  2.91119 
181863  2.91142 
182041  2.91166 
182218  2.9119 
182396  2.91214 
182573  2.91239 
182751  2.91264 
182928  2.9129 
183106  2.91316 
183283  2.91342 
183461  2.91368 
183638  2.91395 
183816  2.91422 
183993  2.91449 
184171  2.91477 
184349  2.91505 
184526  2.91533 
184704  2.91561 
184881  2.9159 
185059  2.91619 
185236  2.91648 
185414  2.91677 
185591  2.91707 
185769  2.91737 
185946  2.91767 
186124  2.91797 
186302  2.91827 
186479  2.91858 
186657  2.91889 
186834  2.9192 
187012  2.91951 
187189  2.91982 
187367  2.92014 
187544  2.92045 
187722  2.92077 
187899  2.92109 
188077  2.92141 
188255  2.92173 
188432  2.92205 
188610  2.92238 
188787  2.9227 
188965  2.92303 
189142  2.92335 
189320  2.92368 
189497  2.92401 
189675  2.92434 
189852  2.92466 
190030  2.92499 
190208  2.92532 
190385  2.92565 
190563  2.92599 
190740  2.92632 
190918  2.92665 
191095  2.92699 
191273  2.92732 
191450  2.92766 
191628  2.928 
191805  2.92834 
191983  2.92868 
192161  2.92903 
192338  2.92938 
192516  2.92973 
192693  2.93008 
192871  2.93044 
193048  2.9308 
193226  2.93116 
193403  2.93153 
193581  2.9319 
193758  2.93228 
193936  2.93265 
194114  2.93304 
194291  2.93342 
194469  2.93381 
194646  2.93421 
194824  2.93461 
195001  2.93502 
195179  2.93543 
195356  2.93585 
195534  2.93627 
195711  2.9367 
195889  2.93713 
196067  2.93757 
196244  2.93801 
196422  2.93847 
196599  2.93893 
196777  2.93939 
196954  2.93986 
197132  2.94034 
197309  2.94083 
197487  2.94132 
197664  2.94182 
197842  2.94233 
198020  2.94285 
198197  2.94338 
198375  2.94391 
198552  2.94445 
198730  2.945 
198907  2.94556 
199085  2.94613 
199262  2.94671 
199440  2.94729 
199617  2.94789 
199795  2.9485 
199972  2.94911 
200150  2.94974 
200328  2.95037 
200505  2.95102 
200683  2.95167 
200860  2.95233 
201038  2.95301 
201215  2.95369 
201393  2.95437 
201570  2.95507 
201748  2.95578 
201925  2.95649 
202103  2.95721 
202281  2.95794 
202458  2.95867 
202636  2.95941 
202813  2.96016 
202991  2.96091 
203168  2.96167 
203346  2.96243 
203523  2.96321 
203701  2.96398 
203878  2.96476 
204056  2.96555 
204234  2.96634 
204411  2.96713 
204589  2.96793 
204766  2.96873 
204944  2.96954 
205121  2.97035 
205299  2.97116 
205476  2.97198 
205654  2.9728 
205831  2.97362 
206009  2.97444 
206187  2.97526 
206364  2.97609 
206542  2.97692 
206719  2.97775 
206897  2.97858 
207074  2.97941 
207252  2.98024 
207429  2.98107 
207607  2.98191 
207784  2.98274 
207962  2.98357 
208140  2.9844 
208317  2.98523 
208495  2.98606 
208672  2.98689 
208850  2.98772 
209027  2.98854 
209205  2.98936 
209382  2.99018 
209560  2.991 
209737  2.99181 
209915  2.99263 
210093  2.99344 
210270  2.99424 
210448  2.99504 
210625  2.99584 
210803  2.99663 
210980  2.99742 
211158  2.9982 
211335  2.99898 
211513  2.99975 
211690  3.00052 
211868  3.00127 
212046  3.00203 
212223  3.00277 
212401  3.00351 
212578  3.00424 
212756  3.00496 
212933  3.00567 
213111  3.00638 
213288  3.00708 
213466  3.00776 
213643  3.00844 
213821  3.00911 
213998  3.00976 
214176  3.01041 
214354  3.01104 
214531  3.01166 
214709  3.01228 
214886  3.01288 
215064  3.01346 
215241  3.01404 
215419  3.0146 
215596  3.01515 
215774  3.01568 
215951  3.0162 
216129  3.01671 
216307  3.0172 
216484  3.01768 
216662  3.01814 
216839  3.01859 
217017  3.01902 
217194  3.01943 
217372  3.01983 
217549  3.02021 
217727  3.02058 
217904  3.02092 
218082  3.02125 
218260  3.02156 
218437  3.02185 
218615  3.02213 
218792  3.02238 
218970  3.02262 
219147  3.02283 
219325  3.02303 
219502  3.0232 
219680  3.02335 
219857  3.02349 
220035  3.0236 
220213  3.02369 
220390  3.02376 
220568  3.02381 
220745  3.02384 
220923  3.02386 
221100  3.02386 
221278  3.02386 
221455  3.02384 
221633  3.02381 
221810  3.02377 
221988  3.02373 
222166  3.02368 
222343  3.02362 
222521  3.02357 
222698  3.02351 
222876  3.02345 
223053  3.0234 
223231  3.02335 
223408  3.0233 
223586  3.02326 
223763  3.02322 
223941  3.0232 
224119  3.02319 
224296  3.02319 
224474  3.0232 
224651  3.02322 
224829  3.02327 
225006  3.02333 
225184  3.02341 
225361  3.02351 
225539  3.02363 
225716  3.02378 
225894  3.02395 
226072  3.02415 
226249  3.02438 
226427  3.02463 
226604  3.02492 
226782  3.02524 
226959  3.02559 
227137  3.02598 
227314  3.0264 
227492  3.02687 
227669  3.02737 
227847  3.02791 
228025  3.0285 
228202  3.02913 
228380  3.02981 
228557  3.03053 
228735  3.0313 
228912  3.03212 
229090  3.03299 
229267  3.03392 
229445  3.03489 
229622  3.03593 
229800  3.03702 
229977  3.03817 
230155  3.03938 
230333  3.04064 
230510  3.04197 
230688  3.04334 
230865  3.04477 
231043  3.04624 
231220  3.04775 
231398  3.04931 
231575  3.05091 
231753  3.05254 
231930  3.05421 
232108  3.05591 
232286  3.05764 
232463  3.0594 
232641  3.06118 
232818  3.06298 
232996  3.0648 
233173  3.06663 
233351  3.06848 
233528  3.07034 
233706  3.0722 
233883  3.07407 
234061  3.07595 
234239  3.07782 
234416  3.07969 
234594  3.08155 
234771  3.08341 
234949  3.08526 
235126  3.08709 
235304  3.08891 
235481  3.09071 
235659  3.09249 
235836  3.09424 
236014  3.09597 
236192  3.09767 
236369  3.09934 
236547  3.10097 
236724  3.10257 
236902  3.10412 
237079  3.10564 
237257  3.10711 
237434  3.10853 
237612  3.1099 
237789  3.11122 
237967  3.11249 
238145  3.11369 
238322  3.11484 
238500  3.11592 
238677  3.11694 
238855  3.11789 
239032  3.11876 
239210  3.11957 
239387  3.1203 
239565  3.12094 
239742  3.12151 
239920  3.12199 
240098  3.12239 
240275  3.1227 
240453  3.12292 
240630  3.12307 
240808  3.12313 
240985  3.12312 
241163  3.12303 
241340  3.12288 
241518  3.12265 
241695  3.12236 
241873  3.122 
242051  3.12158 
242228  3.12111 
242406  3.12058 
242583  3.11999 
242761  3.11935 
242938  3.11867 
243116  3.11793 
243293  3.11716 
243471  3.11634 
243648  3.11549 
243826  3.1146 
244004  3.11367 
244181  3.11272 
244359  3.11173 
244536  3.11072 
244714  3.10969 
244891  3.10864 
245069  3.10757 
245246  3.10648 
245424  3.10538 
245601  3.10427 
245779  3.10315 
245956  3.10203 
246134  3.1009 
246312  3.09978 
246489  3.09865 
246667  3.09753 
246844  3.09642 
247022  3.09532 
247199  3.09423 
247377  3.09315 
247554  3.09209 
247732  3.09106 
247909  3.09004 
248087  3.08905 
248265  3.08809 
248442  3.08715 
248620  3.08625 
248797  3.08539 
248975  3.08456 
249152  3.08377 
249330  3.08303 
249507  3.08233 
249685  3.08168 
249862  3.08108 
250040  3.08053 
250218  3.08004 
250395  3.0796 
250573  3.07921 
250750  3.07887 
250928  3.07859 
251105  3.07835 
251283  3.07816 
251460  3.07802 
251638  3.07793 
251815  3.07788 
251993  3.07787 
252171  3.07791 
252348  3.07799 
252526  3.07811 
252703  3.07826 
252881  3.07846 
253058  3.0787 
253236  3.07897 
253413  3.07927 
253591  3.07961 
253768  3.07999 
253946  3.08039 
254124  3.08083 
254301  3.0813 
254479  3.08179 
254656  3.08232 
254834  3.08287 
255011  3.08344 
255189  3.08404 
255366  3.08467 
255544  3.08531 
255721  3.08598 
255899  3.08667 
256077  3.08737 
256254  3.0881 
256432  3.08884 
256609  3.0896 
256787  3.09037 
256964  3.09116 
257142  3.09196 
257319  3.09277 
257497  3.09359 
257674  3.09442 
257852  3.09526 
258030  3.0961 
258207  3.09696 
258385  3.09781 
258562  3.09868 
258740  3.09954 
258917  3.10041 
259095  3.10127 
259272  3.10214 
259450  3.10301 
259627  3.10387 
259805  3.10473 
259982  3.10559 
260160  3.10644 
260338  3.10728 
260515  3.10812 
260693  3.10895 
260870  3.10978 
261048  3.1106 
261225  3.11142 
261403  3.11223 
261580  3.11303 
261758  3.11383 
261935  3.11462 
262113  3.11541 
262291  3.11619 
262468  3.11697 
262646  3.11774 
262823  3.1185 
263001  3.11926 
263178  3.12001 
263356  3.12076 
263533  3.1215 
263711  3.12224 
263888  3.12297 
264066  3.12369 
264244  3.12441 
264421  3.12512 
264599  3.12583 
264776  3.12653 
264954  3.12723 
265131  3.12792 
265309  3.1286 
265486  3.12928 
265664  3.12995 
265841  3.13062 
266019  3.13128 
266197  3.13194 
266374  3.13259 
266552  3.13323 
266729  3.13387 
266907  3.1345 
267084  3.13513 
267262  3.13575 
267439  3.13637 
267617  3.13698 
267794  3.13758 
267972  3.13818 
268150  3.13877 
268327  3.13936 
268505  3.13994 
268682  3.14052 
268860  3.14109 
269037  3.14165 
269215  3.14221 
269392  3.14276 
269570  3.14331 
269747  3.14385 
269925  3.14439 
270103  3.14492 
270280  3.14544 
270458  3.14596 
270635  3.14647 
270813  3.14698 
270990  3.14748 
271168  3.14798 
271345  3.14847 
271523  3.14895 
271700  3.14943 
271878  3.1499 
272056  3.15036 
272233  3.15082 
272411  3.15128 
272588  3.15172 
272766  3.15216 
272943  3.1526 
273121  3.15302 
273298  3.15345 
273476  3.15386 
273653  3.15427 
273831  3.15467 
274009  3.15507 
274186  3.15545 
274364  3.15584 
274541  3.15621 
274719  3.15658 
274896  3.15694 
275074  3.1573 
275251  3.15765 
275429  3.15799 
275606  3.15832 
275784  3.15865 
275961  3.15897 
276139  3.15929 
276317  3.15959 
276494  3.15989 
276672  3.16019 
276849  3.16047 
277027  3.16075 
277204  3.16102 
277382  3.16129 
277559  3.16155 
277737  3.1618 
277914  3.16204 
278092  3.16227 
278270  3.1625 
278447  3.16272 
278625  3.16293 
278802  3.16314 
278980  3.16334 
279157  3.16352 
279335  3.16371 
279512  3.16388 
279690  3.16405 
279867  3.16421 
280045  3.16436 
280223  3.1645 
280400  3.16464 
280578  3.16477 
280755  3.16489 
280933  3.16501 
281110  3.16512 
281288  3.16523 
281465  3.16534 
281643  3.16544 
281820  3.16554 
281998  3.16564 
282176  3.16573 
282353  3.16583 
282531  3.16592 
282708  3.16602 
282886  3.16611 
283063  3.16621 
283241  3.16631 
283418  3.16641 
283596  3.16651 
283773  3.16662 
283951  3.16673 
284129  3.16684 
284306  3.16696 
284484  3.16709 
284661  3.16722 
284839  3.16736 
285016  3.16751 
285194  3.16766 
285371  3.16782 
285549  3.16799 
285726  3.16818 
285904  3.16837 
286082  3.16857 
286259  3.16878 
286437  3.16901 
286614  3.16925 
286792  3.1695 
286969  3.16976 
287147  3.17004 
287324  3.17033 
287502  3.17064 
287679  3.17096 
287857  3.1713 
288035  3.17166 
288212  3.17203 
288390  3.17242 
288567  3.17283 
288745  3.17326 
288922  3.17371 
289100  3.17418 
289277  3.17467 
289455  3.17518 
289632  3.17571 
289810  3.17627 
289987  3.17684 
290165  3.17744 
290343  3.17807 
290520  3.17871 
290698  3.17938 
290875  3.18007 
291053  3.18078 
291230  3.1815 
291408  3.18225 
291585  3.18301 
291763  3.18379 
291940  3.18459 
292118  3.1854 
292296  3.18623 
292473  3.18707 
292651  3.18792 
292828  3.18878 
293006  3.18966 
293183  3.19055 
293361  3.19145 
293538  3.19235 
293716  3.19327 
293893  3.19419 
294071  3.19512 
294249  3.19606 
294426  3.197 
294604  3.19795 
294781  3.1989 
294959  3.19986 
295136  3.20082 
295314  3.20178 
295491  3.20274 
295669  3.2037 
295846  3.20466 
296024  3.20562 
296202  3.20658 
296379  3.20754 
296557  3.20849 
296734  3.20944 
296912  3.21038 
297089  3.21132 
297267  3.21225 
297444  3.21318 
297622  3.2141 
297799  3.215 
297977  3.2159 
298155  3.21679 
298332  3.21767 
298510  3.21854 
298687  3.21939 
298865  3.22024 
299042  3.22106 
299220  3.22188 
299397  3.22268 
299575  3.22346 
299752  3.22423 
299930  3.22497 
300108  3.2257 
300285  3.22642 
300463  3.22711 
300640  3.22779 
300818  3.22845 
300995  3.22909 
301173  3.22972 
301350  3.23034 
301528  3.23094 
301705  3.23153 
301883  3.2321 
302061  3.23267 
302238  3.23322 
302416  3.23376 
302593  3.23429 
302771  3.23481 
302948  3.23532 
303126  3.23582 
303303  3.23632 
303481  3.2368 
303658  3.23728 
303836  3.23776 
304014  3.23822 
304191  3.23869 
304369  3.23914 
304546  3.2396 
304724  3.24005 
304901  3.2405 
305079  3.24094 
305256  3.24139 
305434  3.24183 
305611  3.24227 
305789  3.24272 
305966  3.24316 
306144  3.24361 
306322  3.24405 
306499  3.2445 
306677  3.24496 
306854  3.24541 
307032  3.24587 
307209  3.24634 
307387  3.24681 
307564  3.24729 
307742  3.24778 
307919  3.24827 
308097  3.24877 
308275  3.24928 
308452  3.24979 
308630  3.25032 
308807  3.25086 
308985  3.25141 
309162  3.25197 
309340  3.25254 
309517  3.25312 
309695  3.25372 
309872  3.25433 
310050  3.25496 
310228  3.2556 
310405  3.25625 
310583  3.25692 
310760  3.25761 
310938  3.25831 
311115  3.25902 
311293  3.25975 
311470  3.26049 
311648  3.26124 
311825  3.26201 
312003  3.26279 
312181  3.26358 
312358  3.26439 
312536  3.2652 
312713  3.26604 
312891  3.26688 
313068  3.26774 
313246  3.2686 
313423  3.26948 
313601  3.27038 
313778  3.27128 
313956  3.27219 
314134  3.27312 
314311  3.27406 
314489  3.27501 
314666  3.27597 
314844  3.27694 
315021  3.27792 
315199  3.27891 
315376  3.27991 
315554  3.28092 
315731  3.28194 
315909  3.28297 
316087  3.28401 
316264  3.28506 
316442  3.28612 
316619  3.28719 
316797  3.28826 
316974  3.28935 
317152  3.29044 
317329  3.29154 
317507  3.29265 
317684  3.29377 
317862  3.2949 
318040  3.29603 
318217  3.29718 
318395  3.29833 
318572  3.29948 
318750  3.30065 
318927  3.30182 
319105  3.303 
319282  3.30418 
319460  3.30537 
319637  3.30657 
319815  3.30777 
319992  3.30898 
320170  3.3102 
320348  3.31142 
320525  3.31264 
320703  3.31387 
320880  3.31511 
321058  3.31635 
321235  3.31759 
321413  3.31883 
321590  3.32008 
321768  3.32132 
321945  3.32257 
322123  3.32382 
322301  3.32507 
322478  3.32633 
322656  3.32758 
322833  3.32882 
323011  3.33007 
323188  3.33132 
323366  3.33256 
323543  3.3338 
323721  3.33504 
323898  3.33627 
324076  3.3375 
324254  3.33873 
324431  3.33995 
324609  3.34116 
324786  3.34237 
324964  3.34358 
325141  3.34477 
325319  3.34596 
325496  3.34714 
325674  3.34831 
325851  3.34948 
326029  3.35063 
326207  3.35178 
326384  3.35291 
326562  3.35404 
326739  3.35515 
326917  3.35626 
327094  3.35735 
327272  3.35842 
327449  3.35949 
327627  3.36054 
327804  3.36158 
327982  3.36261 
328160  3.36362 
328337  3.36461 
328515  3.36559 
328692  3.36656 
328870  3.36751 
329047  3.36844 
329225  3.36935 
329402  3.37025 
329580  3.37113 
329757  3.37198 
329935  3.37282 
330113  3.37365 
330290  3.37445 
330468  3.37523 
330645  3.37599 
330823  3.37674 
331000  3.37747 
331178  3.37818 
331355  3.37888 
331533  3.37956 
331710  3.38023 
331888  3.38088 
332066  3.38151 
332243  3.38214 
332421  3.38275 
332598  3.38335 
332776  3.38393 
332953  3.38451 
333131  3.38507 
333308  3.38562 
333486  3.38617 
333663  3.3867 
333841  3.38722 
334019  3.38774 
334196  3.38825 
334374  3.38875 
334551  3.38925 
334729  3.38973 
334906  3.39022 
335084  3.3907 
335261  3.39117 
335439  3.39164 
335616  3.3921 
335794  3.39257 
335971  3.39303 
336149  3.39348 
336327  3.39394 
336504  3.3944 
336682  3.39485 
336859  3.39531 
337037  3.39576 
337214  3.39622 
337392  3.39668 
337569  3.39714 
337747  3.3976 
337924  3.39807 
338102  3.39854 
338280  3.39901 
338457  3.39949 
338635  3.39998 
338812  3.40047 
338990  3.40097 
339167  3.40147 
339345  3.40198 
339522  3.4025 
339700  3.40303 
339877  3.40357 
340055  3.40411 
340233  3.40467 
340410  3.40524 
340588  3.40581 
340765  3.4064 
340943  3.40699 
341120  3.40759 
341298  3.4082 
341475  3.40882 
341653  3.40944 
341830  3.41008 
342008  3.41071 
342186  3.41136 
342363  3.41201 
342541  3.41267 
342718  3.41333 
342896  3.414 
343073  3.41468 
343251  3.41536 
343428  3.41604 
343606  3.41673 
343783  3.41742 
343961  3.41812 
344139  3.41882 
344316  3.41952 
344494  3.42023 
344671  3.42093 
344849  3.42164 
345026  3.42236 
345204  3.42307 
345381  3.42379 
345559  3.4245 
345736  3.42522 
345914  3.42594 
346092  3.42666 
346269  3.42737 
346447  3.42809 
346624  3.42881 
346802  3.42952 
346979  3.43024 
347157  3.43095 
347334  3.43167 
347512  3.43237 
347689  3.43308 
347867  3.43379 
348045  3.43449 
348222  3.43519 
348400  3.43588 
348577  3.43657 
348755  3.43726 
348932  3.43794 
349110  3.43862 
349287  3.43929 
349465  3.43996 
349642  3.44062 
349820  3.44128 
349997  3.44193 
350175  3.44257 
350353  3.44321 
350530  3.44385 
350708  3.44447 
350885  3.4451 
351063  3.44572 
351240  3.44634 
351418  3.44695 
351595  3.44757 
351773  3.44818 
351950  3.44879 
352128  3.4494 
352306  3.45002 
352483  3.45063 
352661  3.45125 
352838  3.45187 
353016  3.45249 
353193  3.45312 
353371  3.45375 
353548  3.45438 
353726  3.45502 
353903  3.45567 
354081  3.45632 
354259  3.45699 
354436  3.45765 
354614  3.45833 
354791  3.45902 
354969  3.45971 
355146  3.46042 
355324  3.46114 
355501  3.46187 
355679  3.46261 
355856  3.46336 
356034  3.46413 
356212  3.46491 
356389  3.46571 
356567  3.46652 
356744  3.46735 
356922  3.46819 
357099  3.46905 
357277  3.46993 
357454  3.47082 
357632  3.47174 
357809  3.47267 
357987  3.47362 
358165  3.4746 
358342  3.47559 
358520  3.47661 
358697  3.47765 
358875  3.47871 
359052  3.4798 
359230  3.48091 
359407  3.48204 
359585  3.4832 
359762  3.48438 
359940  3.4856 
360118  3.48684 
360295  3.4881 
360473  3.48939 
360650  3.49071 
360828  3.49205 
361005  3.49341 
361183  3.49479 
361360  3.49619 
361538  3.49761 
361715  3.49905 
361893  3.5005 
362071  3.50197 
362248  3.50345 
362426  3.50495 
362603  3.50646 
362781  3.50798 
362958  3.50951 
363136  3.51104 
363313  3.51259 
363491  3.51414 
363668  3.5157 
363846  3.51726 
364024  3.51882 
364201  3.52039 
364379  3.52195 
364556  3.52352 
364734  3.52508 
364911  3.52665 
365089  3.5282 
365266  3.52976 
365444  3.5313 
365621  3.53284 
365799  3.53437 
365976  3.5359 
366154  3.53741 
366332  3.53891 
366509  3.54039 
366687  3.54187 
366864  3.54332 
367042  3.54477 
367219  3.54619 
367397  3.5476 
367574  3.54898 
367752  3.55035 
367929  3.55169 
368107  3.55301 
368285  3.55431 
368462  3.55558 
368640  3.55683 
368817  3.55805 
368995  3.55924 
369172  3.5604 
369350  3.56153 
369527  3.56263 
369705  3.56369 
369882  3.56472 
370060  3.56572 
370238  3.56668 
370415  3.5676 
370593  3.56849 
370770  3.56936 
370948  3.57019 
371125  3.57099 
371303  3.57177 
371480  3.57252 
371658  3.57324 
371835  3.57395 
372013  3.57463 
372191  3.57529 
372368  3.57594 
372546  3.57656 
372723  3.57717 
372901  3.57777 
373078  3.57836 
373256  3.57893 
373433  3.57949 
373611  3.58004 
373788  3.58059 
373966  3.58113 
374144  3.58167 
374321  3.5822 
374499  3.58273 
374676  3.58326 
374854  3.5838 
375031  3.58433 
375209  3.58487 
375386  3.58542 
375564  3.58597 
375741  3.58653 
375919  3.5871 
376097  3.58768 
376274  3.58827 
376452  3.58888 
376629  3.58951 
376807  3.59015 
376984  3.5908 
377162  3.59148 
377339  3.59218 
377517  3.5929 
377694  3.59365 
377872  3.59442 
378050  3.59522 
378227  3.59604 
378405  3.5969 
378582  3.59778 
378760  3.5987 
378937  3.59966 
379115  3.60064 
379292  3.60167 
379470  3.60273 
379647  3.60383 
379825  3.60498 
380003  3.60616 
380180  3.60739 
380358  3.60866 
380535  3.60997 
380713  3.61132 
380890  3.6127 
381068  3.61412 
381245  3.61557 
381423  3.61705 
381600  3.61856 
381778  3.6201 
381955  3.62166 
382133  3.62324 
382311  3.62485 
382488  3.62647 
382666  3.62811 
382843  3.62977 
383021  3.63144 
383198  3.63312 
383376  3.63481 
383553  3.63651 
383731  3.63822 
383908  3.63993 
384086  3.64164 
384264  3.64335 
384441  3.64506 
384619  3.64676 
384796  3.64847 
384974  3.65016 
385151  3.65184 
385329  3.65351 
385506  3.65517 
385684  3.65682 
385861  3.65845 
386039  3.66006 
386217  3.66165 
386394  3.66321 
386572  3.66475 
386749  3.66627 
386927  3.66776 
387104  3.66921 
387282  3.67064 
387459  3.67203 
387637  3.67339 
387814  3.67471 
387992  3.67598 
388170  3.67722 
388347  3.67842 
388525  3.67956 
388702  3.68067 
388880  3.68172 
389057  3.68272 
389235  3.68367 
389412  3.68457 
389590  3.6854 
389767  3.68618 
389945  3.6869 
390123  3.68756 
390300  3.68816 
390478  3.68869 
390655  3.68917 
390833  3.68959 
391010  3.68996 
391188  3.69027 
391365  3.69054 
391543  3.69075 
391720  3.69092 
391898  3.69104 
392076  3.69111 
392253  3.69115 
392431  3.69114 
392608  3.69109 
392786  3.69101 
392963  3.69089 
393141  3.69074 
393318  3.69055 
393496  3.69033 
393673  3.69009 
393851  3.68982 
394029  3.68952 
394206  3.6892 
394384  3.68886 
394561  3.6885 
394739  3.68812 
394916  3.68772 
395094  3.68731 
395271  3.68689 
395449  3.68645 
395626  3.68601 
395804  3.68556 
395981  3.6851 
396159  3.68464 
396337  3.68417 
396514  3.6837 
396692  3.68324 
396869  3.68278 
397047  3.68232 
397224  3.68187 
397402  3.68142 
397579  3.68099 
397757  3.68056 
397934  3.68015 
398112  3.67976 
398290  3.67938 
398467  3.67901 
398645  3.67867 
398822  3.67835 
399000  3.67806 
399177  3.67779 
399355  3.67754 
399532  3.67732 
399710  3.67714 
399887  3.67699 
400065  3.67687 
400243  3.67678 
400420  3.67673 
400598  3.67671 
400775  3.67673 
400953  3.67677 
401130  3.67685 
401308  3.67696 
401485  3.6771 
401663  3.67727 
401840  3.67747 
402018  3.67769 
402196  3.67794 
402373  3.67822 
402551  3.67852 
402728  3.67885 
402906  3.67921 
403083  3.67959 
403261  3.67999 
403438  3.68041 
403616  3.68086 
403793  3.68132 
403971  3.68181 
404149  3.68232 
404326  3.68284 
404504  3.68339 
404681  3.68395 
404859  3.68453 
405036  3.68512 
405214  3.68574 
405391  3.68636 
405569  3.687 
405746  3.68766 
405924  3.68833 
406102  3.68901 
406279  3.6897 
406457  3.6904 
406634  3.69112 
406812  3.69184 
406989  3.69257 
407167  3.69331 
407344  3.69406 
407522  3.69481 
407699  3.69558 
407877  3.69634 
408055  3.69712 
408232  3.69789 
408410  3.69867 
408587  3.69945 
408765  3.70024 
408942  3.70103 
409120  3.70181 
409297  3.7026 
409475  3.70339 
409652  3.70418 
409830  3.70496 
410008  3.70574 
410185  3.70652 
410363  3.7073 
410540  3.70807 
410718  3.70884 
410895  3.70961 
411073  3.71038 
411250  3.71115 
411428  3.71192 
411605  3.71268 
411783  3.71345 
411960  3.71421 
412138  3.71498 
412316  3.71574 
412493  3.71651 
412671  3.71728 
412848  3.71805 
413026  3.71882 
413203  3.71959 
413381  3.72037 
413558  3.72115 
413736  3.72193 
413913  3.72271 
414091  3.7235 
414269  3.72429 
414446  3.72509 
414624  3.72589 
414801  3.7267 
414979  3.72751 
415156  3.72832 
415334  3.72915 
415511  3.72997 
415689  3.73081 
415866  3.73165 
416044  3.7325 
416222  3.73335 
416399  3.73422 
416577  3.73509 
416754  3.73597 
416932  3.73686 
417109  3.73775 
417287  3.73866 
417464  3.73957 
417642  3.7405 
417819  3.74143 
417997  3.74238 
418175  3.74333 
418352  3.7443 
418530  3.74528 
418707  3.74627 
418885  3.74727 
419062  3.74828 
419240  3.74931 
419417  3.75035 
419595  3.7514 
419772  3.75247 
419950  3.75355 
420128  3.75464 
420305  3.75575 
420483  3.75687 
420660  3.758 
420838  3.75914 
421015  3.7603 
421193  3.76147 
421370  3.76265 
421548  3.76384 
421725  3.76504 
421903  3.76625 
422081  3.76747 
422258  3.76869 
422436  3.76993 
422613  3.77117 
422791  3.77242 
422968  3.77368 
423146  3.77494 
423323  3.77621 
423501  3.77748 
423678  3.77876 
423856  3.78004 
424034  3.78133 
424211  3.78262 
424389  3.78391 
424566  3.78521 
424744  3.78651 
424921  3.7878 
425099  3.7891 
425276  3.7904 
425454  3.7917 
425631  3.793 
425809  3.7943 
425986  3.7956 
426164  3.79689 
426342  3.79819 
426519  3.79948 
426697  3.80077 
426874  3.80205 
427052  3.80333 
427229  3.8046 
427407  3.80587 
427584  3.80714 
427762  3.80839 
427939  3.80965 
428117  3.81089 
428295  3.81213 
428472  3.81336 
428650  3.81458 
428827  3.81579 
429005  3.81699 
429182  3.81818 
429360  3.81936 
429537  3.82053 
429715  3.82169 
429892  3.82284 
430070  3.82398 
430248  3.8251 
430425  3.82621 
430603  3.82731 
430780  3.8284 
430958  3.82947 
431135  3.83054 
431313  3.83159 
431490  3.83263 
431668  3.83366 
431845  3.83468 
432023  3.83569 
432201  3.83668 
432378  3.83767 
432556  3.83865 
432733  3.83962 
432911  3.84057 
433088  3.84152 
433266  3.84246 
433443  3.84339 
433621  3.84431 
433798  3.84522 
433976  3.84612 
434154  3.84701 
434331  3.8479 
434509  3.84878 
434686  3.84964 
434864  3.8505 
435041  3.85136 
435219  3.8522 
435396  3.85304 
435574  3.85387 
435751  3.8547 
435929  3.85551 
436107  3.85632 
436284  3.85713 
436462  3.85792 
436639  3.85871 
436817  3.8595 
436994  3.86028 
437172  3.86105 
437349  3.86182 
437527  3.86258 
437704  3.86334 
437882  3.86409 
438060  3.86484 
438237  3.86558 
438415  3.86632 
438592  3.86706 
438770  3.86779 
438947  3.86851 
439125  3.86924 
439302  3.86995 
439480  3.87067 
439657  3.87138 
439835  3.87209 
440013  3.8728 
440190  3.8735 
440368  3.8742 
440545  3.8749 
440723  3.8756 
440900  3.87629 
441078  3.87699 
441255  3.87768 
441433  3.87837 
441610  3.87905 
441788  3.87974 
441965  3.88043 
442143  3.88111 
442321  3.88179 
442498  3.88248 
442676  3.88316 
442853  3.88384 
443031  3.88452 
443208  3.88521 
443386  3.88589 
443563  3.88657 
443741  3.88725 
443918  3.88794 
444096  3.88862 
444274  3.88931 
444451  3.88999 
444629  3.89068 
444806  3.89137 
444984  3.89206 
445161  3.89275 
445339  3.89345 
445516  3.89415 
445694  3.89484 
445871  3.89555 
446049  3.89625 
446227  3.89696 
446404  3.89766 
446582  3.89838 
446759  3.89909 
446937  3.89981 
447114  3.90053 
447292  3.90126 
447469  3.90199 
447647  3.90272 
447824  3.90346 
448002  3.9042 
448180  3.90495 
448357  3.9057 
448535  3.90645 
448712  3.90722 
448890  3.90798 
449067  3.90875 
449245  3.90953 
449422  3.91031 
449600  3.9111 
449777  3.91189 
449955  3.91269 
450133  3.9135 
450310  3.91431 
450488  3.91513 
450665  3.91595 
450843  3.91678 
451020  3.91762 
451198  3.91847 
451375  3.91932 
451553  3.92018 
451730  3.92104 
451908  3.92191 
452086  3.92279 
452263  3.92368 
452441  3.92457 
452618  3.92547 
452796  3.92638 
452973  3.92729 
453151  3.92822 
453328  3.92915 
453506  3.93008 
453683  3.93103 
453861  3.93198 
454039  3.93294 
454216  3.93391 
454394  3.93489 
454571  3.93587 
454749  3.93686 
454926  3.93786 
455104  3.93887 
455281  3.93989 
455459  3.94091 
455636  3.94195 
455814  3.94299 
455991  3.94404 
456169  3.9451 
456347  3.94617 
456524  3.94725 
456702  3.94833 
456879  3.94943 
457057  3.95053 
457234  3.95165 
457412  3.95277 
457589  3.9539 
457767  3.95504 
457944  3.95619 
458122  3.95735 
458300  3.95852 
458477  3.9597 
458655  3.96089 
458832  3.96208 
459010  3.96329 
459187  3.96451 
459365  3.96574 
459542  3.96697 
459720  3.96822 
459897  3.96948 
460075  3.97075 
460253  3.97203 
460430  3.97331 
460608  3.97461 
460785  3.97592 
460963  3.97723 
461140  3.97855 
461318  3.97989 
461495  3.98122 
461673  3.98257 
461850  3.98392 
462028  3.98528 
462206  3.98664 
462383  3.98801 
462561  3.98938 
462738  3.99076 
462916  3.99215 
463093  3.99353 
463271  3.99492 
463448  3.99632 
463626  3.99771 
463803  3.99911 
463981  4.00051 
464159  4.00191 
464336  4.00331 
464514  4.00472 
464691  4.00612 
464869  4.00753 
465046  4.00893 
465224  4.01033 
465401  4.01173 
465579  4.01313 
465756  4.01453 
465934  4.01593 
466112  4.01732 
466289  4.01871 
466467  4.0201 
466644  4.02148 
466822  4.02286 
466999  4.02423 
467177  4.0256 
467354  4.02696 
467532  4.02831 
467709  4.02966 
467887  4.03101 
468065  4.03234 
468242  4.03367 
468420  4.03499 
468597  4.03631 
468775  4.03761 
468952  4.03891 
469130  4.04019 
469307  4.04147 
469485  4.04273 
469662  4.04399 
469840  4.04523 
470018  4.04647 
470195  4.04769 
470373  4.0489 
470550  4.0501 
470728  4.05129 
470905  4.05248 
471083  4.05365 
471260  4.05482 
471438  4.05599 
471615  4.05715 
471793  4.0583 
471970  4.05946 
472148  4.06061 
472326  4.06176 
472503  4.06291 
472681  4.06406 
472858  4.06522 
473036  4.06637 
473213  4.06753 
473391  4.06869 
473568  4.06986 
473746  4.07104 
473923  4.07222 
474101  4.07341 
474279  4.07461 
474456  4.07582 
474634  4.07703 
474811  4.07826 
474989  4.0795 
475166  4.08076 
475344  4.08203 
475521  4.08331 
475699  4.08461 
475876  4.08593 
476054  4.08726 
476232  4.08862 
476409  4.08999 
476587  4.09138 
476764  4.09279 
476942  4.09423 
477119  4.09569 
477297  4.09717 
477474  4.09867 
477652  4.1002 
477829  4.10176 
478007  4.10335 
478185  4.10496 
478362  4.10661 
478540  4.10828 
478717  4.10998 
478895  4.11172 
479072  4.11348 
479250  4.11529 
479427  4.11712 
479605  4.11899 
479782  4.1209 
479960  4.12284 
480138  4.12483 
480315  4.12684 
480493  4.1289 
480670  4.13099 
480848  4.13312 
481025  4.13528 
481203  4.13748 
481380  4.13971 
481558  4.14197 
481735  4.14427 
481913  4.1466 
482091  4.14895 
482268  4.15134 
482446  4.15376 
482623  4.1562 
482801  4.15868 
482978  4.16118 
483156  4.1637 
483333  4.16626 
483511  4.16884 
483688  4.17144 
483866  4.17406 
484044  4.17671 
484221  4.17939 
484399  4.18208 
484576  4.18479 
484754  4.18753 
484931  4.19029 
485109  4.19306 
485286  4.19585 
485464  4.19866 
485641  4.20149 
485819  4.20433 
485996  4.20719 
486174  4.21007 
486352  4.21295 
486529  4.21585 
486707  4.21877 
486884  4.2217 
487062  4.22463 
487239  4.22758 
487417  4.23054 
487594  4.23351 
487772  4.23649 
487949  4.23947 
488127  4.24246 
488305  4.24546 
488482  4.24847 
488660  4.25148 
488837  4.25449 
489015  4.25751 
489192  4.26053 
489370  4.26356 
489547  4.26658 
489725  4.26961 
489902  4.27264 
490080  4.27567 
490258  4.27869 
490435  4.28172 
490613  4.28474 
490790  4.28775 
490968  4.29076 
491145  4.29377 
491323  4.29676 
491500  4.29975 
491678  4.30272 
491855  4.30568 
492033  4.30863 
492211  4.31157 
492388  4.31449 
492566  4.31739 
492743  4.32027 
492921  4.32314 
493098  4.32598 
493276  4.32881 
493453  4.33161 
493631  4.33439 
493808  4.33714 
493986  4.33986 
494164  4.34256 
494341  4.34523 
494519  4.34787 
494696  4.35048 
494874  4.35305 
495051  4.35559 
495229  4.3581 
495406  4.36057 
495584  4.36301 
495761  4.3654 
495939  4.36776 
496117  4.37007 
496294  4.37235 
496472  4.37458 
496649  4.37676 
496827  4.3789 
497004  4.381 
497182  4.38304 
497359  4.38504 
497537  4.38699 
497714  4.38888 
497892  4.39072 
498070  4.39251 
498247  4.39424 
498425  4.39592 
498602  4.39754 
498780  4.3991 
498957  4.4006 
499135  4.40204 
499312  4.40341 
499490  4.40473 
499667  4.40597 
499845  4.40716 
500023  4.40827 
500200  4.40932 
500378  4.4103 
500555  4.41122 
500733  4.41208 
500910  4.41287 
501088  4.41362 
501265  4.4143 
501443  4.41494 
501620  4.41552 
501798  4.41606 
501975  4.41656 
502153  4.41701 
502331  4.41742 
502508  4.41779 
502686  4.41812 
502863  4.41842 
503041  4.41869 
503218  4.41894 
503396  4.41915 
503573  4.41934 
503751  4.41951 
503928  4.41965 
504106  4.41978 
504284  4.4199 
504461  4.42 
504639  4.42009 
504816  4.42017 
504994  4.42024 
505171  4.42031 
505349  4.42038 
505526  4.42045 
505704  4.42052 
505881  4.4206 
506059  4.42068 
506237  4.42078 
506414  4.42088 
506592  4.421 
506769  4.42114 
506947  4.42129 
507124  4.42147 
507302  4.42167 
507479  4.42189 
507657  4.42214 
507834  4.42243 
508012  4.42274 
508190  4.42309 
508367  4.42347 
508545  4.4239 
508722  4.42437 
508900  4.42488 
509077  4.42543 
509255  4.42604 
509432  4.42669 
509610  4.4274 
509787  4.42817 
509965  4.42899 
510143  4.42987 
510320  4.43081 
510498  4.4318 
510675  4.43286 
510853  4.43397 
511030  4.43513 
511208  4.43634 
511385  4.43761 
511563  4.43892 
511740  4.44029 
511918  4.4417 
512096  4.44315 
512273  4.44465 
512451  4.44619 
512628  4.44778 
512806  4.4494 
512983  4.45106 
513161  4.45276 
513338  4.4545 
513516  4.45627 
513693  4.45807 
513871  4.45991 
514049  4.46177 
514226  4.46367 
514404  4.46559 
514581  4.46754 
514759  4.46951 
514936  4.47151 
515114  4.47353 
515291  4.47557 
515469  4.47763 
515646  4.47971 
515824  4.48181 
516002  4.48392 
516179  4.48604 
516357  4.48818 
516534  4.49033 
516712  4.49249 
516889  4.49466 
517067  4.49684 
517244  4.49902 
517422  4.50121 
517599  4.5034 
517777  4.50559 
517954  4.50778 
518132  4.50997 
518310  4.51216 
518487  4.51435 
518665  4.51653 
518842  4.5187 
519020  4.52087 
519197  4.52303 
519375  4.52518 
519552  4.52731 
519730  4.52944 
519907  4.53155 
520085  4.53364 
520263  4.53572 
520440  4.53778 
520618  4.53983 
520795  4.54186 
520973  4.54388 
521150  4.54588 
521328  4.54787 
521505  4.54985 
521683  4.55182 
521860  4.55378 
522038  4.55573 
522216  4.55767 
522393  4.5596 
522571  4.56152 
522748  4.56344 
522926  4.56534 
523103  4.56724 
523281  4.56914 
523458  4.57102 
523636  4.57291 
523813  4.57479 
523991  4.57666 
524169  4.57854 
524346  4.58041 
524524  4.58228 
524701  4.58414 
524879  4.58601 
525056  4.58788 
525234  4.58975 
525411  4.59162 
525589  4.59349 
525766  4.59536 
525944  4.59724 
526122  4.59912 
526299  4.601 
526477  4.60289 
526654  4.60478 
526832  4.60668 
527009  4.60859 
527187  4.61051 
527364  4.61243 
527542  4.61436 
527719  4.6163 
527897  4.61825 
528075  4.62021 
528252  4.62218 
528430  4.62416 
528607  4.62615 
528785  4.62816 
528962  4.63018 
529140  4.63221 
529317  4.63426 
529495  4.63632 
529672  4.6384 
529850  4.6405 
530028  4.64261 
530205  4.64474 
530383  4.64688 
530560  4.64904 
530738  4.65122 
530915  4.65342 
531093  4.65563 
531270  4.65786 
531448  4.6601 
531625  4.66236 
531803  4.66464 
531980  4.66693 
532158  4.66923 
532336  4.67155 
532513  4.67389 
532691  4.67624 
532868  4.6786 
533046  4.68098 
533223  4.68337 
533401  4.68577 
533578  4.68819 
533756  4.69062 
533933  4.69307 
534111  4.69552 
534289  4.69799 
534466  4.70047 
534644  4.70297 
534821  4.70547 
534999  4.70799 
535176  4.71052 
535354  4.71306 
535531  4.71561 
535709  4.71817 
535886  4.72075 
536064  4.72333 
536242  4.72592 
536419  4.72853 
536597  4.73114 
536774  4.73376 
536952  4.7364 
537129  4.73904 
537307  4.74169 
537484  4.74435 
537662  4.74702 
537839  4.74969 
538017  4.75238 
538195  4.75507 
538372  4.75777 
538550  4.76048 
538727  4.7632 
538905  4.76592 
539082  4.76865 
539260  4.77138 
539437  4.77413 
539615  4.77688 
539792  4.77963 
539970  4.78239 
540148  4.78516 
540325  4.78793 
540503  4.79071 
540680  4.79349 
540858  4.79628 
541035  4.79907 
541213  4.80187 
541390  4.80467 
541568  4.80747 
541745  4.81027 
541923  4.81308 
542101  4.81589 
542278  4.81871 
542456  4.82152 
542633  4.82434 
542811  4.82715 
542988  4.82997 
543166  4.83279 
543343  4.83561 
543521  4.83843 
543698  4.84125 
543876  4.84407 
544054  4.84689 
544231  4.8497 
544409  4.85252 
544586  4.85533 
544764  4.85814 
544941  4.86095 
545119  4.86376 
545296  4.86656 
545474  4.86936 
545651  4.87216 
545829  4.87495 
546007  4.87774 
546184  4.88053 
546362  4.88331 
546539  4.88608 
546717  4.88885 
546894  4.89162 
547072  4.89438 
547249  4.89713 
547427  4.89988 
547604  4.90262 
547782  4.90535 
547959  4.90807 
548137  4.91079 
548315  4.9135 
548492  4.9162 
548670  4.91889 
548847  4.92157 
549025  4.92425 
549202  4.92691 
549380  4.92957 
549557  4.93221 
549735  4.93485 
549912  4.93747 
550090  4.94009 
550268  4.94269 
550445  4.94528 
550623  4.94786 
550800  4.95044 
550978  4.953 
551155  4.95556 
551333  4.95811 
551510  4.96065 
551688  4.96319 
551865  4.96572 
552043  4.96825 
552221  4.97077 
552398  4.97329 
552576  4.9758 
552753  4.97831 
552931  4.98082 
553108  4.98333 
553286  4.98584 
553463  4.98835 
553641  4.99086 
553818  4.99337 
553996  4.99588 
554174  4.99839 
554351  5.0009 
554529  5.00342 
554706  5.00594 
554884  5.00847 
555061  5.011 
555239  5.01353 
555416  5.01608 
555594  5.01863 
555771  5.02118 
555949  5.02375 
556127  5.02632 
556304  5.0289 
556482  5.03149 
556659  5.03409 
556837  5.0367 
557014  5.03933 
557192  5.04196 
557369  5.04461 
557547  5.04727 
557724  5.04995 
557902  5.05263 
558080  5.05534 
558257  5.05806 
558435  5.06079 
558612  5.06354 
558790  5.06631 
558967  5.06909 
559145  5.0719 
559322  5.07472 
559500  5.07756 
559677  5.08043 
559855  5.08331 
560033  5.08621 
560210  5.08914 
560388  5.09209 
560565  5.09505 
560743  5.09804 
560920  5.10104 
561098  5.10406 
561275  5.10709 
561453  5.11014 
561630  5.1132 
561808  5.11628 
561985  5.11937 
562163  5.12247 
562341  5.12558 
562518  5.1287 
562696  5.13183 
562873  5.13496 
563051  5.1381 
563228  5.14125 
563406  5.1444 
563583  5.14755 
563761  5.15071 
563938  5.15387 
564116  5.15703 
564294  5.16019 
564471  5.16335 
564649  5.1665 
564826  5.16966 
565004  5.17281 
565181  5.17595 
565359  5.17909 
565536  5.18222 
565714  5.18534 
565891  5.18846 
566069  5.19156 
566247  5.19466 
566424  5.19774 
566602  5.20081 
566779  5.20387 
566957  5.20691 
567134  5.20994 
567312  5.21295 
567489  5.21595 
567667  5.21893 
567844  5.22188 
568022  5.22482 
568200  5.22774 
568377  5.23063 
568555  5.2335 
568732  5.23635 
568910  5.23917 
569087  5.24197 
569265  5.24474 
569442  5.24749 
569620  5.2502 
569797  5.25289 
569975  5.25554 
570153  5.25817 
570330  5.26076 
570508  5.26333 
570685  5.26586 
570863  5.26837 
571040  5.27086 
571218  5.27333 
571395  5.27577 
571573  5.27819 
571750  5.28059 
571928  5.28298 
572106  5.28535 
572283  5.2877 
572461  5.29004 
572638  5.29237 
572816  5.29469 
572993  5.297 
573171  5.2993 
573348  5.3016 
573526  5.30389 
573703  5.30618 
573881  5.30846 
574059  5.31075 
574236  5.31303 
574414  5.31532 
574591  5.31761 
574769  5.31991 
574946  5.32221 
575124  5.32452 
575301  5.32684 
575479  5.32917 
575656  5.33152 
575834  5.33387 
576012  5.33625 
576189  5.33863 
576367  5.34104 
576544  5.34346 
576722  5.34591 
576899  5.34838 
577077  5.35087 
577254  5.35338 
577432  5.35593 
577609  5.3585 
577787  5.36109 
577964  5.36372 
578142  5.36638 
578320  5.36908 
578497  5.37181 
578675  5.37457 
578852  5.37737 
579030  5.38022 
579207  5.3831 
579385  5.38602 
579562  5.38899 
579740  5.392 
579917  5.39506 
580095  5.39816 
580273  5.40131 
580450  5.40451 
580628  5.40776 
580805  5.41105 
580983  5.41439 
581160  5.41778 
581338  5.42121 
581515  5.42468 
581693  5.4282 
581870  5.43176 
582048  5.43537 
582226  5.43901 
582403  5.44271 
582581  5.44644 
582758  5.45021 
582936  5.45402 
583113  5.45788 
583291  5.46177 
583468  5.46571 
583646  5.46968 
583823  5.47369 
584001  5.47774 
584179  5.48183 
584356  5.48595 
584534  5.49011 
584711  5.49431 
584889  5.49854 
585066  5.50281 
585244  5.50711 
585421  5.51145 
585599  5.51582 
585776  5.52023 
585954  5.52467 
586132  5.52914 
586309  5.53364 
586487  5.53817 
586664  5.54274 
586842  5.54733 
587019  5.55196 
587197  5.55662 
587374  5.5613 
587552  5.56601 
587729  5.57076 
587907  5.57553 
588085  5.58032 
588262  5.58515 
588440  5.59 
588617  5.59488 
588795  5.59978 
588972  5.60471 
589150  5.60966 
589327  5.61463 
589505  5.61963 
589682  5.62466 
589860  5.6297 
590038  5.63477 
590215  5.63986 
590393  5.64497 
590570  5.65011 
590748  5.65526 
590925  5.66044 
591103  5.66563 
591280  5.67084 
591458  5.67608 
591635  5.68133 
591813  5.6866 
591990  5.69189 
592168  5.6972 
592346  5.70252 
592523  5.70786 
592701  5.71322 
592878  5.7186 
593056  5.72399 
593233  5.7294 
593411  5.73482 
593588  5.74026 
593766  5.74571 
593943  5.75117 
594121  5.75665 
594299  5.76215 
594476  5.76765 
594654  5.77317 
594831  5.77871 
595009  5.78425 
595186  5.78981 
595364  5.79537 
595541  5.80095 
595719  5.80654 
595896  5.81214 
596074  5.81775 
596252  5.82337 
596429  5.829 
596607  5.83464 
596784  5.84028 
596962  5.84594 
597139  5.8516 
597317  5.85727 
597494  5.86294 
597672  5.86863 
597849  5.87432 
598027  5.88001 
598205  5.88571 
598382  5.89142 
598560  5.89713 
598737  5.90284 
598915  5.90856 
599092  5.91429 
599270  5.92001 
599447  5.92574 
599625  5.93148 
599802  5.93721 
599980  5.94295 
600158  5.94869 
600335  5.95443 
600513  5.96017 
600690  5.96591 
600868  5.97164 
601045  5.97738 
601223  5.98311 
601400  5.98883 
601578  5.99456 
601755  6.00027 
601933  6.00598 
602111  6.01168 
602288  6.01737 
602466  6.02305 
602643  6.02872 
602821  6.03439 
602998  6.04003 
603176  6.04567 
603353  6.05129 
603531  6.0569 
603708  6.06249 
603886  6.06806 
604064  6.07362 
604241  6.07916 
604419  6.08468 
604596  6.09018 
604774  6.09566 
604951  6.10112 
605129  6.10655 
605306  6.11196 
605484  6.11735 
605661  6.12271 
605839  6.12805 
606017  6.13336 
606194  6.13864 
606372  6.14389 
606549  6.14912 
606727  6.15431 
606904  6.15947 
607082  6.16461 
607259  6.1697 
607437  6.17477 
607614  6.1798 
607792  6.18479 
607969  6.18975 
608147  6.19467 
608325  6.19955 
608502  6.20439 
608680  6.2092 
608857  6.21396 
609035  6.21868 
609212  6.22336 
609390  6.22799 
609567  6.23258 
609745  6.23713 
609922  6.24163 
610100  6.24608 
610278  6.25049 
610455  6.25486 
610633  6.25918 
610810  6.26347 
610988  6.26772 
611165  6.27194 
611343  6.27613 
611520  6.28029 
611698  6.28443 
611875  6.28854 
612053  6.29264 
612231  6.29671 
612408  6.30078 
612586  6.30483 
612763  6.30887 
612941  6.31291 
613118  6.31694 
613296  6.32097 
613473  6.325 
613651  6.32904 
613828  6.33308 
614006  6.33713 
614184  6.34119 
614361  6.34527 
614539  6.34936 
614716  6.35347 
614894  6.35761 
615071  6.36176 
615249  6.36595 
615426  6.37017 
615604  6.37441 
615781  6.3787 
615959  6.38302 
616137  6.38738 
616314  6.39178 
616492  6.39623 
616669  6.40073 
616847  6.40528 
617024  6.40988 
617202  6.41453 
617379  6.41925 
617557  6.42402 
617734  6.42886 
617912  6.43377 
618090  6.43874 
618267  6.44379 
618445  6.44891 
618622  6.4541 
618800  6.45938 
618977  6.46474 
619155  6.47018 
619332  6.47571 
619510  6.48132 
619687  6.48703 
619865  6.49284 
620043  6.49874 
620220  6.50474 
620398  6.51084 
620575  6.51703 
620753  6.52332 
620930  6.5297 
621108  6.53618 
621285  6.54274 
621463  6.54939 
621640  6.55612 
621818  6.56294 
621995  6.56984 
622173  6.57683 
622351  6.58389 
622528  6.59103 
622706  6.59825 
622883  6.60555 
623061  6.61291 
623238  6.62035 
623416  6.62786 
623593  6.63544 
623771  6.64309 
623948  6.6508 
624126  6.65857 
624304  6.66641 
624481  6.67431 
624659  6.68226 
624836  6.69028 
625014  6.69835 
625191  6.70647 
625369  6.71465 
625546  6.72287 
625724  6.73115 
625901  6.73948 
626079  6.74785 
626257  6.75626 
626434  6.76472 
626612  6.77322 
626789  6.78177 
626967  6.79034 
627144  6.79896 
627322  6.80761 
627499  6.8163 
627677  6.82501 
627854  6.83376 
628032  6.84253 
628210  6.85134 
628387  6.86017 
628565  6.86902 
628742  6.87789 
628920  6.88679 
629097  6.8957 
629275  6.90463 
629452  6.91358 
629630  6.92255 
629807  6.93152 
629985  6.94051 
630163  6.9495 
630340  6.95851 
630518  6.96753 
630695  6.97655 
630873  6.98559 
631050  6.99464 
631228  7.0037 
631405  7.01278 
631583  7.02187 
631760  7.03097 
631938  7.04008 
632116  7.04921 
632293  7.05835 
632471  7.06751 
632648  7.07668 
632826  7.08587 
633003  7.09508 
633181  7.1043 
633358  7.11354 
633536  7.1228 
633713  7.13208 
633891  7.14137 
634069  7.15068 
634246  7.16001 
634424  7.16937 
634601  7.17874 
634779  7.18813 
634956  7.19755 
635134  7.20698 
635311  7.21644 
635489  7.22592 
635666  7.23542 
635844  7.24495 
636022  7.25449 
636199  7.26407 
636377  7.27367 
636554  7.28329 
636732  7.29294 
636909  7.30261 
637087  7.31231 
637264  7.32204 
637442  7.33179 
637619  7.34157 
637797  7.35138 
637974  7.36122 
638152  7.37109 
638330  7.38098 
638507  7.39091 
638685  7.40086 
638862  7.41085 
639040  7.42087 
639217  7.43091 
639395  7.44099 
639572  7.45111 
639750  7.46125 
639927  7.47143 
640105  7.48164 
640283  7.49188 
640460  7.50216 
640638  7.51245 
640815  7.52277 
640993  7.53311 
641170  7.54347 
641348  7.55384 
641525  7.56421 
641703  7.5746 
641880  7.58498 
642058  7.59537 
642236  7.60576 
642413  7.61613 
642591  7.6265 
642768  7.63686 
642946  7.6472 
643123  7.65752 
643301  7.66782 
643478  7.67809 
643656  7.68833 
643833  7.69855 
644011  7.70873 
644189  7.71887 
644366  7.72896 
644544  7.73902 
644721  7.74903 
644899  7.75898 
645076  7.76888 
645254  7.77873 
645431  7.78851 
645609  7.79824 
645786  7.80789 
645964  7.81748 
646142  7.82699 
646319  7.83642 
646497  7.84578 
646674  7.85505 
646852  7.86424 
647029  7.87334 
647207  7.88235 
647384  7.89126 
647562  7.90007 
647739  7.90878 
647917  7.91739 
648095  7.92589 
648272  7.93428 
648450  7.94255 
648627  7.95071 
648805  7.95874 
648982  7.96665 
649160  7.97444 
649337  7.98209 
649515  7.98961 
649692  7.997 
649870  8.00424 
650048  8.01134 
650225  8.0183 
650403  8.02511 
650580  8.03177 
650758  8.03828 
650935  8.04463 
651113  8.05084 
651290  8.05688 
651468  8.06277 
651645  8.0685 
651823  8.07406 
652001  8.07947 
652178  8.08471 
652356  8.08978 
652533  8.09468 
652711  8.09942 
652888  8.10398 
653066  8.10837 
653243  8.11259 
653421  8.11662 
653598  8.12048 
653776  8.12416 
653953  8.12766 
654131  8.13097 
654309  8.1341 
654486  8.13704 
654664  8.13979 
654841  8.14235 
655019  8.14471 
655196  8.14689 
655374  8.14886 
655551  8.15064 
655729  8.15222 
655906  8.1536 
656084  8.15478 
656262  8.15575 
656439  8.15652 
656617  8.15707 
656794  8.15742 
656972  8.15756 
657149  8.15748 
657327  8.15719 
657504  8.15668 
657682  8.15595 
657859  8.15501 
658037  8.15384 
658215  8.15244 
658392  8.15082 
658570  8.14898 
658747  8.1469 
658925  8.1446 
659102  8.14206 
659280  8.13929 
659457  8.13628 
659635  8.13304 
659812  8.12955 
659990  8.12583 
660168  8.12186 
660345  8.11765 
660523  8.11319 
660700  8.10848 
660878  8.10351 
661055  8.09829 
661233  8.09281 
661410  8.08707 
661588  8.08106 
661765  8.07479 
661943  8.06825 
662121  8.06144 
662298  8.05435 
662476  8.04699 
662653  8.03935 
662831  8.03142 
663008  8.02321 
663186  8.01471 
663363  8.00592 
663541  7.99684 
663718  7.98746 
663896  7.97779 
664074  7.96781 
664251  7.95753 
664429  7.94694 
664606  7.93604 
664784  7.92483 
664961  7.91331 
665139  7.90147 
665316  7.88931 
665494  7.87683 
665671  7.86403 
665849  7.85089 
666027  7.83743 
666204  7.82363 
666382  7.8095 
666559  7.79503 
666737  7.78022 
666914  7.76506 
667092  7.74956 
667269  7.73371 
667447  7.71751 
667624  7.70096 
667802  7.68404 
667979  7.66677 
668157  7.64914 
668335  7.63114 
668512  7.61277 
668690  7.59404 
668867  7.57493 
669045  7.55545 
669222  7.53559 
669400  7.51534 
669577  7.49472 
669755  7.47371 
669932  7.45231 
670110  7.43052 
670288  7.40833 
670465  7.38576 
670643  7.3628 
670820  7.33946 
670998  7.31573 
671175  7.29161 
671353  7.26712 
671530  7.24224 
671708  7.21699 
671885  7.19136 
672063  7.16535 
672241  7.13897 
672418  7.11222 
672596  7.0851 
672773  7.05761 
672951  7.02976 
673128  7.00153 
673306  6.97295 
673483  6.944 
673661  6.91469 
673838  6.88503 
674016  6.855 
674194  6.82463 
674371  6.79389 
674549  6.76281 
674726  6.73137 
674904  6.69959 
675081  6.66745 
675259  6.63498 
675436  6.60215 
675614  6.56899 
675791  6.53548 
675969  6.50164 
676147  6.46746 
676324  6.43294 
676502  6.39808 
676679  6.3629 
676857  6.32738 
677034  6.29153 
677212  6.25536 
677389  6.21886 
677567  6.18203 
677744  6.14488 
677922  6.10741 
678100  6.06962 
678277  6.03151 
678455  5.99309 
678632  5.95435 
678810  5.9153 
678987  5.87593 
679165  5.83626 
679342  5.79627 
679520  5.75598 
679697  5.71539 
679875  5.67449 
680053  5.63329 
680230  5.59179 
680408  5.55 
680585  5.50794 
680763  5.46561 
680940  5.42302 
681118  5.38018 
681295  5.33711 
681473  5.29381 
681650  5.25029 
681828  5.20657 
682006  5.16264 
682183  5.11854 
682361  5.07425 
682538  5.0298 
682716  4.98519 
682893  4.94044 
683071  4.89555 
683248  4.85054 
683426  4.8054 
683603  4.76017 
683781  4.71483 
683958  4.66942 
684136  4.62392 
684314  4.57836 
684491  4.53275 
684669  4.48709 
684846  4.44139 
685024  4.39567 
685201  4.34994 
685379  4.3042 
685556  4.25847 
685734  4.21275 
685911  4.16705 
686089  4.1214 
686267  4.07579 
686444  4.03023 
686622  3.98474 
686799  3.93933 
686977  3.894 
687154  3.84877 
687332  3.80365 
687509  3.75864 
687687  3.71376 
687864  3.66901 
688042  3.62442 
688220  3.57998 
688397  3.5357 
688575  3.49161 
688752  3.4477 
688930  3.40399 
689107  3.36048 
689285  3.3172 
689462  3.27414 
689640  3.23132 
689817  3.18875 
689995  3.14643 
690173  3.10438 
690350  3.06261 
690528  3.0211 
690705  2.97986 
690883  2.9389 
691060  2.89822 
691238  2.85781 
691415  2.81768 
691593  2.77783 
691770  2.73826 
691948  2.69898 
692126  2.65997 
692303  2.62125 
692481  2.58282 
692658  2.54468 
692836  2.50682 
693013  2.46926 
693191  2.43199 
693368  2.39501 
693546  2.35833 
693723  2.32194 
693901  2.28585 
694079  2.25006 
694256  2.21457 
694434  2.17938 
694611  2.14449 
694789  2.10991 
694966  2.07564 
695144  2.04167 
695321  2.00801 
695499  1.97466 
695676  1.94162 
695854  1.9089 
696032  1.87649 
696209  1.84439 
696387  1.81261 
696564  1.78115 
696742  1.75001 
696919  1.71919 
697097  1.6887 
697274  1.65853 
697452  1.62868 
697629  1.59916 
697807  1.56997 
697984  1.54111 
698162  1.51257 
698340  1.48438 
698517  1.45651 
698695  1.42898 
698872  1.40179 
699050  1.37493 
699227  1.34841 
699405  1.32224 
699582  1.2964 
699760  1.27091 
699937  1.24577 
700115  1.22097 
700293  1.19651 
700470  1.1724 
700648  1.14863 
700825  1.1252 
701003  1.1021 
701180  1.07933 
701358  1.0569 
701535  1.0348 
701713  1.01302 
701890  0.991564 
702068  0.970432 
702246  0.949619 
702423  0.929123 
702601  0.908941 
702778  0.889072 
702956  0.869513 
703133  0.850261 
703311  0.831314 
703488  0.812671 
703666  0.794327 
703843  0.776282 
704021  0.758533 
704199  0.741077 
704376  0.723913 
704554  0.707037 
704731  0.690448 
704909  0.674142 
705086  0.658119 
705264  0.642374 
705441  0.626907 
705619  0.611715 
705796  0.596794 
705974  0.582144 
706152  0.567761 
706329  0.553644 
706507  0.53979 
706684  0.526196 
706862  0.51286 
707039  0.49978 
707217  0.486954 
707394  0.474379 
707572  0.462053 
707749  0.449973 
707927  0.438137 
708105  0.426543 
708282  0.415189 
708460  0.404072 
708637  0.393189 
708815  0.382539 
708992  0.372119 
709170  0.361926 
709347  0.351959 
709525  0.342215 
709702  0.332691 
709880  0.323386 
710058  0.314297 
710235  0.30542 
710413  0.296753 
710590  0.288292 
710768  0.280032 
710945  0.27197 
711123  0.264102 
711300  0.256425 
711478  0.248934 
711655  0.241625 
711833  0.234496 
712011  0.227542 
712188  0.220758 
712366  0.214143 
712543  0.20769 
712721  0.201398 
712898  0.195262 
713076  0.189278 
713253  0.183442 
713431  0.177751 
713608  0.172201 
713786  0.166788 
713963  0.161508 
714141  0.156357 
714319  0.151332 
714496  0.146429 
714674  0.141644 
714851  0.136973 
715029  0.132412 
715206  0.127958 
715384  0.123607 
715561  0.119354 
715739  0.115197 
715916  0.111131 
716094  0.107152 
716272  0.103258 
716449  0.0994429 
716627  0.0957042 
716804  0.0920378 
716982  0.0884399 
717159  0.0849067 
717337  0.0814344 
717514  0.0780192 
717692  0.0746573 
717869  0.0713448 
718047  0.068078 
718225  0.0648531 
718402  0.0616662 
718580  0.0585136 
718757  0.0553914 
718935  0.0522958 
719112  0.0492231 
719290  0.0461694 
719467  0.043131 
719645  0.0401039 
719822  0.0370845 
720000  0.0340689 
